system:index,LC,LC_num,POINT_ID,asc_dpol_median,asc_vh_median,asc_vh_stDev,asc_vv_median,asc_vv_stDev,desc_dpol_median,desc_vh_median,desc_vh_stDev,desc_vv_median,desc_vv_stDev,source,votes,.geo
00000000000000009e80_0,Artificial land,1,47362998,1819,-10925,2519,-6007,4563,3954,-10209,1380,-2582,2608,LUCAS_point,0.9780089794033481,
00000000000000009fb3_0,Artificial land,1,48363148,1404,-13436,2383,-9568,1876,3195,-8831,1749,-2765,1596,LUCAS_point,0.9534813033497245,
0000000000000000a08c_0,Artificial land,1,48503192,-28204,-5598,1735,198,1566,273,1446,5564,5293,3493,LUCAS_point,0.9389222231974094,
0000000000000000a0cc_0,Artificial land,1,48083126,1972,-15228,2466,-7722,2192,-2343,-13188,4600,5628,6048,LUCAS_point,0.9345884553203294,
0000000000000000a1b8_0,Artificial land,1,48042952,1991,-12691,1866,-6373,1404,2433,-15233,2182,-6262,2694,LUCAS_point,0.9199975380811544,
0000000000000000a2d0_0,Artificial land,1,47963000,10633,-12183,2036,-1146,2456,3841,-10289,6004,-2679,4234,LUCAS_point,0.9020940217839637,
0000000000000000a453_0,Artificial land,1,48623200,2609,-10254,2302,-3931,1900,17173,-13411,4694,-781,6630,LUCAS_point,0.8764497894374055,
0000000000000000a48e_0,Artificial land,1,47623098,4534,612,784,135,1111,-992,-829,4426,836,2512,LUCAS_point,0.8718438604868911,
0000000000000000a518_0,Artificial land,1,47483008,1412,-13189,2328,-9341,2715,4200,-6991,3852,-1665,3492,LUCAS_point,0.8614162478698536,
0000000000000000a5a5_0,Artificial land,1,47803134,1712,-14291,1928,-8350,2138,5610,-17214,2046,-3068,4069,LUCAS_point,0.8524483017936163,
0000000000000000a5d8_0,Artificial land,1,48483140,1318,-11790,1827,-8943,1869,4319,-11511,4625,-2665,4394,LUCAS_point,0.849478505971774,
0000000000000000a5f8_0,Artificial land,1,47963190,978,-8279,2890,-8465,2020,16689,-14107,4619,-845,4747,LUCAS_point,0.8475929470132809,
0000000000000000a633_0,Artificial land,1,48462968,-696,-2385,4133,3428,2282,3189,-6821,2723,-2139,1498,LUCAS_point,0.8445369333031496,
00000000000000007391_0,Woodland,3,47243170,1434,-15108,2063,-10535,2068,1588,-13905,2148,-8759,2252,LUCAS_point,1,
000000000000000073a8_0,Woodland,3,47362984,1757,-14927,2370,-8498,1883,1660,-14429,2142,-8691,1896,LUCAS_point,1,
000000000000000073ac_0,Woodland,3,47383120,1695,-14142,2345,-8343,1843,1811,-14642,2131,-8085,1810,LUCAS_point,1,
000000000000000073ae_0,Woodland,3,47402964,1728,-15739,2351,-9110,1966,1810,-15609,9722,-8621,11158,LUCAS_point,1,
000000000000000073af_0,Woodland,3,47403118,1582,-14608,2214,-9231,2234,1875,-13631,2472,-7270,2156,LUCAS_point,1,
000000000000000073b3_0,Woodland,3,47423110,1951,-12252,2202,-6279,2089,1591,-15888,2127,-9987,2012,LUCAS_point,1,
000000000000000073b4_0,Woodland,3,47423176,1701,-14298,2113,-8407,1814,1836,-13253,2413,-7217,2138,LUCAS_point,1,
000000000000000073bb_0,Woodland,3,47442982,1683,-14183,2347,-8429,1909,1658,-14522,2433,-8759,2012,LUCAS_point,1,
000000000000000073bc_0,Woodland,3,47462972,1670,-15884,2277,-9511,2159,1743,-15608,2292,-8954,2187,LUCAS_point,1,
000000000000000073bd_0,Woodland,3,47463020,1559,-14742,2212,-9456,1975,1655,-13647,2234,-8248,2142,LUCAS_point,1,
000000000000000073c3_0,Woodland,3,47482964,1772,-15124,2293,-8536,2020,1688,-16967,2575,-10051,2096,LUCAS_point,1,
000000000000000073c9_0,Woodland,3,47503076,1723,-13479,2532,-7822,2268,1679,-15793,2354,-9407,2066,LUCAS_point,1,
000000000000000073ce_0,Woodland,3,47522950,2035,-12276,2559,-6032,2089,1629,-17420,2519,-10694,1993,LUCAS_point,1,
000000000000000073d4_0,Woodland,3,47543178,1451,-14362,5326,-9900,11886,1493,-15839,9997,-10611,11026,LUCAS_point,1,
000000000000000073de_0,Woodland,3,47562946,1760,-13330,2453,-7574,2162,1662,-16195,2292,-9744,1964,LUCAS_point,1,
000000000000000073e1_0,Woodland,3,47582962,1831,-14868,2169,-8120,1801,1670,-17333,2435,-10380,1829,LUCAS_point,1,
000000000000000073e8_0,Woodland,3,47602964,1845,-13848,2028,-7506,2376,1674,-16793,2348,-10030,2075,LUCAS_point,1,
000000000000000073f5_0,Woodland,3,47643050,1733,-14941,10645,-8620,14718,1796,-14284,2216,-7951,1988,LUCAS_point,1,
000000000000000073f8_0,Woodland,3,47663068,1957,-14379,2697,-7347,1952,1859,-14306,2270,-7696,1907,LUCAS_point,1,
00000000000000007405_0,Woodland,3,47703184,1444,-15033,2153,-10409,2045,1506,-14898,3575,-9890,3752,LUCAS_point,1,
0000000000000000740c_0,Woodland,3,47723160,1416,-13942,2363,-9844,1928,1443,-14285,2083,-9897,2282,LUCAS_point,1,
00000000000000007412_0,Woodland,3,47742982,1824,-14726,2329,-8074,1982,1667,-15653,2149,-9388,1961,LUCAS_point,1,
00000000000000007413_0,Woodland,3,47743170,1664,-13643,2066,-8201,1750,1678,-14589,2229,-8695,2074,LUCAS_point,1,
00000000000000007414_0,Woodland,3,47743184,1499,-13208,2480,-8813,1704,1395,-14411,3763,-10328,3849,LUCAS_point,1,
00000000000000007426_0,Woodland,3,47803048,1721,-14581,2406,-8471,2071,1818,-14841,2478,-8162,2162,LUCAS_point,1,
00000000000000007427_0,Woodland,3,47803082,1641,-15341,2446,-9348,2036,1844,-14602,2326,-7916,1824,LUCAS_point,1,
00000000000000007428_0,Woodland,3,47803166,1623,-13132,2047,-8091,1882,1664,-14303,2097,-8595,1714,LUCAS_point,1,
00000000000000007432_0,Woodland,3,47822976,1712,-16110,11110,-9410,14890,1736,-14790,2505,-8520,2133,LUCAS_point,1,
00000000000000007433_0,Woodland,3,47823008,1779,-13895,2404,-7809,2184,1853,-15345,2151,-8283,2261,LUCAS_point,1,
00000000000000007434_0,Woodland,3,47823022,1890,-13951,2311,-7382,1950,1710,-14241,2162,-8330,1820,LUCAS_point,1,
0000000000000000743d_0,Woodland,3,47842952,1629,-13766,2353,-8451,2289,1665,-16771,2443,-10075,2159,LUCAS_point,1,
0000000000000000743e_0,Woodland,3,47842988,1454,-16348,2249,-11243,1864,2208,-12360,2329,-5599,2064,LUCAS_point,1,
0000000000000000745c_0,Woodland,3,47943102,1760,-14456,2502,-8215,2089,1616,-15471,2379,-9575,1965,LUCAS_point,1,
00000000000000007475_0,Woodland,3,48002952,1699,-13587,2089,-7997,1860,1551,-16927,2319,-10913,2047,LUCAS_point,1,
00000000000000007476_0,Woodland,3,48003060,1798,-14954,2261,-8315,2203,1830,-16289,2288,-8903,2032,LUCAS_point,1,
00000000000000007477_0,Woodland,3,48003086,1641,-14008,2076,-8534,1999,1674,-14043,2334,-8390,2134,LUCAS_point,1,
0000000000000000747f_0,Woodland,3,48022978,1630,-14245,2151,-8741,1839,1730,-14098,2564,-8148,2008,LUCAS_point,1,
00000000000000007489_0,Woodland,3,48042974,1794,-14587,2326,-8131,2158,1764,-16107,2716,-9133,2123,LUCAS_point,1,
00000000000000007499_0,Woodland,3,48062948,1734,-15471,2775,-8925,2261,1934,-14652,2047,-7576,2037,LUCAS_point,1,
0000000000000000749f_0,Woodland,3,48083016,1800,-16457,12869,-9145,14294,1794,-13960,2435,-7784,1973,LUCAS_point,1,
000000000000000074a4_0,Woodland,3,48102960,1694,-15930,2155,-9402,2436,1715,-16225,2327,-9462,2156,LUCAS_point,1,
000000000000000074a5_0,Woodland,3,48102968,1907,-14269,1966,-7483,2308,1678,-14961,2223,-8916,1795,LUCAS_point,1,
000000000000000074a6_0,Woodland,3,48103014,1639,-14922,12687,-9104,14983,1600,-16678,2575,-10422,2117,LUCAS_point,1,
000000000000000074a7_0,Woodland,3,48103178,1749,-13040,2039,-7455,1779,1671,-13969,3455,-8361,1933,LUCAS_point,1,
000000000000000074ae_0,Woodland,3,48123028,1865,-15247,3054,-8176,2419,1843,-15739,1961,-8540,1838,LUCAS_point,1,
000000000000000074af_0,Woodland,3,48123034,1780,-15637,2406,-8784,2224,1986,-14111,2102,-7107,1872,LUCAS_point,1,
000000000000000074b0_0,Woodland,3,48123050,1548,-15851,2245,-10241,2140,1935,-13709,2390,-7083,2172,LUCAS_point,1,
000000000000000074b5_0,Woodland,3,48143040,1526,-14468,2017,-9481,1772,1606,-14598,2288,-9087,1923,LUCAS_point,1,
000000000000000074be_0,Woodland,3,48163010,1909,-12477,2393,-6534,1907,1693,-15531,2058,-9174,1936,LUCAS_point,1,
000000000000000074bf_0,Woodland,3,48163042,1669,-14320,2726,-8578,2007,1784,-15460,2157,-8666,1934,LUCAS_point,1,
000000000000000074c6_0,Woodland,3,48182976,1619,-15651,9146,-9666,11188,1845,-13917,1930,-7542,1965,LUCAS_point,1,
000000000000000074d1_0,Woodland,3,48223092,1658,-13039,2626,-7865,2005,1604,-14851,2106,-9260,1910,LUCAS_point,1,
000000000000000074d8_0,Woodland,3,48242946,1581,-12800,2157,-8096,11487,1710,-15023,2316,-8787,1748,LUCAS_point,1,
000000000000000074d9_0,Woodland,3,48242948,1597,-12668,7370,-7933,11063,1601,-15774,2174,-9851,2096,LUCAS_point,1,
000000000000000074da_0,Woodland,3,48243020,1715,-15029,2294,-8763,2252,1844,-14591,2590,-7914,1781,LUCAS_point,1,
000000000000000074db_0,Woodland,3,48243196,1728,-13266,2073,-7675,2035,1828,-14374,4718,-7863,5301,LUCAS_point,1,
000000000000000074e1_0,Woodland,3,48263128,1645,-13216,2175,-8035,1897,1691,-14353,2314,-8488,1957,LUCAS_point,1,
000000000000000074e5_0,Woodland,3,48283166,1536,-14081,2149,-9168,2190,1600,-13843,2182,-8655,2003,LUCAS_point,1,
000000000000000074e8_0,Woodland,3,48303160,1633,-13775,2162,-8433,1960,1670,-14556,2292,-8717,1864,LUCAS_point,1,
000000000000000074ef_0,Woodland,3,48343158,1487,-13619,2037,-9160,1944,1433,-14288,2274,-9971,1816,LUCAS_point,1,
000000000000000074f4_0,Woodland,3,48363008,1826,-15013,2418,-8220,2193,1755,-16411,2431,-9350,2082,LUCAS_point,1,
000000000000000074f5_0,Woodland,3,48363034,1789,-14559,2238,-8139,2138,1636,-15593,2218,-9532,2040,LUCAS_point,1,
000000000000000074f7_0,Woodland,3,48383160,1501,-13572,2330,-9040,1915,1457,-14798,2683,-10155,1824,LUCAS_point,1,
000000000000000074fb_0,Woodland,3,48402974,1759,-12691,2258,-7216,2007,1679,-15286,2342,-9104,1784,LUCAS_point,1,
000000000000000074fc_0,Woodland,3,48403026,1846,-13821,2244,-7487,2043,1659,-14776,2444,-8908,2168,LUCAS_point,1,
000000000000000074fd_0,Woodland,3,48403032,2026,-13405,2457,-6616,2508,1746,-14559,3103,-8340,2138,LUCAS_point,1,
000000000000000074fe_0,Woodland,3,48403038,1729,-14408,2427,-8333,2012,1836,-14841,2175,-8083,2186,LUCAS_point,1,
000000000000000074ff_0,Woodland,3,48403124,1501,-13769,2352,-9174,2037,1398,-15037,2252,-10759,2213,LUCAS_point,1,
00000000000000007500_0,Woodland,3,48423126,1469,-14335,1992,-9757,1938,1540,-13603,2271,-8833,2048,LUCAS_point,1,
00000000000000007501_0,Woodland,3,48423182,1494,-14854,2178,-9945,2093,1469,-14143,3680,-9625,3994,LUCAS_point,1,
00000000000000007505_0,Woodland,3,48443038,1795,-15202,2806,-8471,2358,1919,-15157,2215,-7896,2305,LUCAS_point,1,
00000000000000007506_0,Woodland,3,48443162,1596,-13374,1832,-8382,1967,1431,-14951,2323,-10451,1713,LUCAS_point,1,
0000000000000000750f_0,Woodland,3,48463122,1563,-14027,2319,-8976,1951,1476,-15458,2029,-10472,1955,LUCAS_point,1,
00000000000000007512_0,Woodland,3,48483030,1752,-13731,2321,-7837,2451,1554,-16319,2855,-10502,2079,LUCAS_point,1,
00000000000000007513_0,Woodland,3,48483034,1779,-15292,2544,-8598,2489,1773,-15682,2435,-8845,1824,LUCAS_point,1,
00000000000000007514_0,Woodland,3,48483120,1429,-14169,2526,-9916,1922,1530,-14847,2157,-9705,1987,LUCAS_point,1,
00000000000000007515_0,Woodland,3,48483128,1472,-13134,1746,-8920,1856,1464,-15776,2503,-10779,1896,LUCAS_point,1,
00000000000000007516_0,Woodland,3,48503024,1744,-14780,2555,-8472,2118,1873,-14576,2584,-7784,2299,LUCAS_point,1,
00000000000000007517_0,Woodland,3,48503166,1492,-13737,2093,-9209,2261,1520,-13531,2610,-8904,1923,LUCAS_point,1,
00000000000000007523_0,Woodland,3,48543118,1637,-14261,1963,-8709,1775,1593,-14594,2509,-9164,2049,LUCAS_point,1,
00000000000000007529_0,Woodland,3,48563046,1446,-17169,2139,-11877,2092,2374,-10352,11174,-4360,13042,LUCAS_point,1,
0000000000000000752a_0,Woodland,3,48563114,1611,-13587,2254,-8434,1906,1603,-14480,2032,-9033,2219,LUCAS_point,1,
0000000000000000752b_0,Woodland,3,48582966,1719,-14750,2767,-8583,2109,1667,-14573,2262,-8743,1758,LUCAS_point,1,
0000000000000000752c_0,Woodland,3,48583048,1653,-13533,2193,-8185,2134,1548,-14620,10627,-9447,12780,LUCAS_point,1,
0000000000000000752d_0,Woodland,3,48583082,1511,-14358,1963,-9503,1826,1547,-14925,2561,-9649,2191,LUCAS_point,1,
0000000000000000752e_0,Woodland,3,48583112,1567,-13570,2029,-8663,1875,1510,-13913,2268,-9214,2138,LUCAS_point,1,
0000000000000000752f_0,Woodland,3,48583116,1570,-13390,2294,-8528,2001,1631,-13711,2305,-8407,1892,LUCAS_point,1,
00000000000000007530_0,Woodland,3,48583174,1449,-14477,1985,-9993,2033,1468,-13635,3600,-9286,1923,LUCAS_point,1,
00000000000000007531_0,Woodland,3,48583178,1464,-13589,2264,-9280,2233,1517,-14621,3426,-9640,3801,LUCAS_point,1,
00000000000000007537_0,Woodland,3,48603092,1647,-13534,1961,-8216,2056,1537,-14340,12836,-9331,14761,LUCAS_point,1,
00000000000000007538_0,Woodland,3,48603094,1618,-13511,1961,-8351,1943,1391,-14173,12770,-10188,14180,LUCAS_point,1,
00000000000000007539_0,Woodland,3,48603106,1657,-13877,2143,-8374,2163,1700,-12942,2108,-7615,1772,LUCAS_point,1,
0000000000000000753a_0,Woodland,3,48603176,1365,-15519,2493,-11373,2192,1740,-13867,3884,-7970,2820,LUCAS_point,1,
0000000000000000753d_0,Woodland,3,48623024,1583,-15156,2046,-9573,1878,1643,-14606,2429,-8891,2378,LUCAS_point,1,
0000000000000000753e_0,Woodland,3,48623074,1480,-13721,2165,-9269,1795,1374,-15278,2280,-11116,12302,LUCAS_point,1,
0000000000000000753f_0,Woodland,3,48623128,1617,-13794,2287,-8531,1932,1773,-13899,2377,-7840,2217,LUCAS_point,1,
00000000000000007540_0,Woodland,3,48623184,1533,-14233,2022,-9286,1892,1447,-15075,4799,-10417,5071,LUCAS_point,1,
00000000000000007544_0,Woodland,3,48643128,1605,-13481,2109,-8402,1974,1652,-13361,13035,-8088,14969,LUCAS_point,1,
00000000000000007545_0,Woodland,3,48643186,1714,-14617,2136,-8530,1882,1755,-12880,4756,-7337,5327,LUCAS_point,1,
00000000000000007547_0,Woodland,3,48663110,1570,-13821,2294,-8806,2116,1501,-15218,10838,-10138,14862,LUCAS_point,1,
00000000000000007548_0,Woodland,3,48663134,1528,-12803,2073,-8378,2108,1475,-14573,11756,-9877,14417,LUCAS_point,1,
00000000000000007549_0,Woodland,3,48663162,1521,-14437,2225,-9489,2060,1522,-14144,2233,-9296,1964,LUCAS_point,1,
0000000000000000754d_0,Woodland,3,48683072,1444,-14657,2142,-10151,1842,1742,-13644,2276,-7834,2506,LUCAS_point,1,
0000000000000000754e_0,Woodland,3,48683076,1538,-13386,2003,-8705,1779,1469,-15551,2031,-10585,1909,LUCAS_point,1,
0000000000000000754f_0,Woodland,3,48683080,1531,-13726,2041,-8965,1924,1509,-13885,1874,-9203,1649,LUCAS_point,1,
00000000000000007550_0,Woodland,3,48683086,1553,-13358,2257,-8601,1892,1446,-14516,2243,-10039,1764,LUCAS_point,1,
00000000000000007551_0,Woodland,3,48683116,1572,-13540,2007,-8612,2011,1573,-14434,2118,-9176,11324,LUCAS_point,1,
00000000000000007552_0,Woodland,3,48702976,1754,-13315,2288,-7591,1929,1633,-14214,2112,-8704,1854,LUCAS_point,1,
00000000000000007553_0,Woodland,3,48703112,1438,-13162,2118,-9153,1977,1408,-15271,2371,-10849,1975,LUCAS_point,1,
00000000000000007554_0,Woodland,3,48703166,1468,-14073,2501,-9584,1834,1516,-15320,11573,-10106,14614,LUCAS_point,1,
00000000000000007555_0,Woodland,3,48703194,1531,-13862,2063,-9054,1785,1570,-15426,12746,-9826,14608,LUCAS_point,1,
0000000000000000755c_0,Woodland,3,48723074,1495,-14158,2135,-9468,2004,1380,-13798,2276,-9997,2011,LUCAS_point,1,
0000000000000000755d_0,Woodland,3,48723076,1613,-13572,2085,-8415,2124,1596,-14494,2125,-9080,1701,LUCAS_point,1,
0000000000000000755e_0,Woodland,3,48723080,1502,-12948,2207,-8619,1902,1582,-14198,2499,-8975,2030,LUCAS_point,1,
0000000000000000755f_0,Woodland,3,48723132,1527,-13363,2038,-8751,1951,1486,-12404,2511,-8350,1939,LUCAS_point,1,
00000000000000007562_0,Woodland,3,48743072,1542,-13972,2098,-9061,1805,1545,-13852,2235,-8968,1737,LUCAS_point,1,
00000000000000007563_0,Woodland,3,48743076,1519,-13429,2022,-8842,1909,1405,-13064,2080,-9301,2188,LUCAS_point,1,
00000000000000007564_0,Woodland,3,48743110,1345,-14190,2302,-10552,1948,1445,-14768,2390,-10223,1839,LUCAS_point,1,
00000000000000007566_0,Woodland,3,48763044,1517,-13761,2209,-9069,1966,1524,-14208,1832,-9322,1881,LUCAS_point,1,
00000000000000007567_0,Woodland,3,48763076,1517,-13781,2310,-9085,2037,1656,-14370,2344,-8677,2131,LUCAS_point,1,
00000000000000007568_0,Woodland,3,48763106,1558,-14151,2143,-9082,1775,1450,-14651,2139,-10105,2167,LUCAS_point,1,
00000000000000007569_0,Woodland,3,48763110,1514,-12928,2177,-8540,1996,1408,-14262,2505,-10132,1633,LUCAS_point,1,
0000000000000000756a_0,Woodland,3,48763116,1463,-14022,1984,-9582,1959,1669,-14311,2502,-8572,2178,LUCAS_point,1,
0000000000000000756b_0,Woodland,3,48763120,1498,-14021,2246,-9359,2124,1420,-13049,2492,-9187,2144,LUCAS_point,1,
0000000000000000756c_0,Woodland,3,48763128,1430,-13119,2106,-9172,2082,1631,-14780,2057,-9060,1736,LUCAS_point,1,
0000000000000000756d_0,Woodland,3,48763150,1553,-14420,2561,-9284,2021,1479,-13259,2146,-8966,1879,LUCAS_point,1,
00000000000000007570_0,Woodland,3,48783070,1545,-13898,2072,-8997,1691,1609,-14132,2341,-8782,1961,LUCAS_point,1,
00000000000000007571_0,Woodland,3,48783104,1438,-13147,2248,-9145,1737,1497,-13833,2044,-9239,1605,LUCAS_point,1,
00000000000000007572_0,Woodland,3,48783106,1503,-13054,2627,-8688,1934,1483,-14354,1676,-9679,1843,LUCAS_point,1,
00000000000000007573_0,Woodland,3,48783110,1490,-14039,2250,-9420,1985,1430,-14202,2388,-9929,1611,LUCAS_point,1,
00000000000000007574_0,Woodland,3,48783116,1537,-13850,2068,-9014,2004,1589,-13784,2110,-8675,2224,LUCAS_point,1,
00000000000000007575_0,Woodland,3,48783130,1426,-14052,1963,-9855,2086,1484,-14623,2085,-9855,1680,LUCAS_point,1,
0000000000000000757a_0,Woodland,3,48803074,1541,-14165,1980,-9190,1830,1460,-15701,1850,-10756,1581,LUCAS_point,1,
0000000000000000757f_0,Woodland,3,48882982,1700,-14105,2469,-8299,2002,1618,-14354,10179,-8870,11602,LUCAS_point,1,
00000000000000007580_0,Woodland,3,48882996,1699,-14651,2005,-8625,2183,1801,-15094,9791,-8379,11495,LUCAS_point,1,
00000000000000007585_0,Woodland,3,48902954,1720,-13793,2286,-8019,1974,1731,-13323,2360,-7695,2273,LUCAS_point,1,
00000000000000007587_0,Woodland,3,48922960,1630,-14931,2674,-9162,2190,1563,-14443,2319,-9241,2363,LUCAS_point,1,
00000000000000007589_0,Woodland,3,48942972,1863,-12008,2072,-6446,1611,1735,-14886,2127,-8578,1870,LUCAS_point,1,
00000000000000007c48_0,Woodland,3,47983016,1707,-14971,2241,-8769,1958,1823,-14415,2348,-7908,2190,LUCAS_point,0.9979591836734694,
00000000000000007c49_0,Woodland,3,48243026,1903,-13579,2161,-7134,2007,1751,-14727,2528,-8413,2270,LUCAS_point,0.9979591836734694,
00000000000000007c67_0,Woodland,3,48663092,1579,-14268,2095,-9037,2116,1556,-13799,2555,-8868,11576,LUCAS_point,0.9979166666666667,
00000000000000007ca9_0,Woodland,3,48643162,1415,-13995,2245,-9893,1920,1504,-14540,2103,-9671,1784,LUCAS_point,0.9978723404255319,
0000000000000000854e_0,Grassland,5,47943164,1560,-19212,3132,-12314,2785,1581,-19793,3437,-12519,2404,LUCAS_point,0.9915813840155945,
000000000000000085f9_0,Grassland,5,48043058,1472,-20398,3242,-13857,2410,1451,-20661,2985,-14240,1986,LUCAS_point,0.9892053575033308,
00000000000000008603_0,Grassland,5,48483002,1475,-18637,3350,-12638,2401,1563,-19576,3248,-12525,2057,LUCAS_point,0.9891393186586874,
00000000000000008633_0,Grassland,5,48543170,1466,-19756,3775,-13477,2464,1528,-19799,3744,-12960,2797,LUCAS_point,0.9886811639549437,
00000000000000008670_0,Grassland,5,48703000,1707,-21179,3242,-12406,2354,1435,-20601,2532,-14360,1856,LUCAS_point,0.9878129853991923,
000000000000000086c2_0,Grassland,5,47483000,1491,-20305,4627,-13621,2481,1415,-21804,4268,-15406,2215,LUCAS_point,0.98671788482835,
00000000000000008721_0,Grassland,5,47323152,1386,-20333,3055,-14667,2827,1398,-20008,2746,-14311,2626,LUCAS_point,0.9859468524251807,
00000000000000008839_0,Grassland,5,47782958,1594,-19814,2820,-12433,2193,1658,-20896,2679,-12601,2131,LUCAS_point,0.982601899780843,
000000000000000088a7_0,Grassland,5,48143020,1602,-21940,3301,-13693,2447,1472,-21421,3214,-14549,2429,LUCAS_point,0.9813824383164006,
000000000000000089ce_0,Grassland,5,47383106,1427,-20546,3114,-14395,2241,1473,-20793,3091,-14116,1791,LUCAS_point,0.9778983657251908,
000000000000000089e9_0,Grassland,5,48862982,1584,-21323,3058,-13458,2106,1520,-20682,9033,-13606,9985,LUCAS_point,0.9776556113264069,
0000000000000000813b_0,Bare land,6,48483194,1878,-20747,2799,-11049,2469,2120,-18847,4519,-8891,5299,LUCAS_point,0.082692753830006,
00000000000000008286_0,Bare land,6,48483086,3841,-15264,2297,-3974,2651,2146,-13735,2592,-6401,2179,LUCAS_point,0.020752781606440143,
000000000000000082e2_0,Bare land,6,47323016,1439,-19155,3040,-13315,2019,1419,-19775,3064,-13935,2127,LUCAS_point,0.010644257703081233,
00000000000000009111_0,Water,7,47303016,1319,-27671,6438,-20985,3048,1272,-27644,7277,-21728,3879,LUCAS_point,1,
00000000000000009112_0,Water,7,47863116,1471,-28117,7429,-19109,4758,1402,-28056,5586,-20013,4367,LUCAS_point,1,
00000000000000009113_0,Water,7,48643004,1363,-28541,6965,-20940,3924,1337,-29518,6831,-22082,4266,LUCAS_point,1,
000000000000000091f2_0,Water,7,48283064,1625,-30325,7003,-18663,3696,1308,-26444,6788,-20224,3914,LUCAS_point,0.979417863719004,
00000000000000009232_0,Water,7,47583150,1367,-28468,5217,-20830,2962,1211,-25325,6671,-20918,3223,LUCAS_point,0.9683382942027373,
00000000000000009269_0,Water,7,47583142,1422,-29735,6658,-20908,3795,1262,-26659,6859,-21118,4292,LUCAS_point,0.9545682811827243,
000000000000000092b2_0,Water,7,47523174,1522,-28749,6698,-18884,3364,1676,-30960,6703,-18474,3790,LUCAS_point,0.9305533017804823,
000000000000000092e9_0,Water,7,48043068,1317,-24747,5374,-18784,3039,1356,-27181,6402,-20052,3274,LUCAS_point,0.9038407356166547,
00000000000000009396_0,Water,7,48763096,1730,-24459,7435,-14138,4108,1795,-24302,5731,-13539,3901,LUCAS_point,0.7746994372594571,
000000000000000093a6_0,Water,7,47363026,1231,-21560,3411,-17508,2357,1297,-25624,4008,-19760,2532,LUCAS_point,0.7538676517095813,
000000000000000093db_0,Water,7,48003164,1453,-22275,4304,-15329,3322,1466,-21909,3708,-14942,3420,LUCAS_point,0.6988357237374879,
000000000000000093df_0,Water,7,48703114,1321,-27793,7620,-21038,5644,1455,-30833,6623,-21186,3167,LUCAS_point,0.6977697218931739,
0000000000000000007a_0,Cropland,2,47482950,1949,-20067,4076,-10295,3797,1683,-19449,3427,-11555,3625,LUCAS_polygon,NA,
00000000000000000116_0,Cropland,2,48763126,1841,-18611,4102,-10110,3454,1857,-18355,3856,-9882,2664,LUCAS_polygon,NA,
00000000000000000149_0,Cropland,2,48463102,1808,-21284,4570,-11772,2963,1782,-20546,4556,-11530,3744,LUCAS_polygon,NA,
00000000000000000281_0,Cropland,2,48842964,1911,-20625,3743,-10795,4260,1680,-19390,3306,-11538,3282,LUCAS_polygon,NA,
0000000000000000028a_0,Cropland,2,48702994,1754,-18989,3396,-10823,2520,1956,-17861,3316,-9130,2753,LUCAS_polygon,NA,
0000000000000000029f_0,Cropland,2,48583090,1821,-17240,6387,-9467,3327,1777,-18121,6575,-10197,3215,LUCAS_polygon,NA,
000000000000000002fc_0,Cropland,2,48803000,1824,-20344,3902,-11155,2741,1726,-20593,3818,-11933,3230,LUCAS_polygon,NA,
00000000000000000311_0,Cropland,2,47903022,1826,-18259,5035,-10001,2657,2013,-19817,4678,-9845,2661,LUCAS_polygon,NA,
0000000000000000031a_0,Cropland,2,47403032,1928,-19669,4995,-10204,3097,1960,-17953,3751,-9158,2537,LUCAS_polygon,NA,
0000000000000000034e_0,Cropland,2,47582982,1828,-18543,3541,-10143,3218,1827,-18866,4394,-10329,2871,LUCAS_polygon,NA,
00000000000000000384_0,Cropland,2,48382990,1634,-18582,4827,-11374,3066,1742,-17814,5968,-10225,3410,LUCAS_polygon,NA,
000000000000000003a8_0,Cropland,2,47743028,2036,-21182,5333,-10404,3318,1785,-19296,5000,-10811,3312,LUCAS_polygon,NA,
00000000000000000414_0,Cropland,2,47662986,1643,-20667,3433,-12579,2543,1624,-20452,3993,-12591,2502,LUCAS_polygon,NA,
00000000000000000429_0,Cropland,2,48902980,1858,-17098,4893,-9202,2737,1855,-17929,4330,-9663,2561,LUCAS_polygon,NA,
000000000000000004b3_0,Cropland,2,48103192,1651,-21715,4839,-13151,3221,1770,-21864,6161,-12351,5300,LUCAS_polygon,NA,
00000000000000000541_0,Cropland,2,48543132,1772,-16752,4945,-9455,3245,2113,-16958,4460,-8026,2650,LUCAS_polygon,NA,
00000000000000000567_0,Cropland,2,48563070,1928,-18897,3194,-9800,3537,1860,-19927,4329,-10713,3511,LUCAS_polygon,NA,
000000000000000005aa_0,Cropland,2,48323078,1838,-19442,4524,-10580,3112,1736,-19194,4462,-11054,3124,LUCAS_polygon,NA,
000000000000000005e6_0,Cropland,2,48423070,1839,-18967,3790,-10315,3665,1610,-20421,4281,-12680,3383,LUCAS_polygon,NA,
000000000000000005f7_0,Cropland,2,47623134,1774,-18922,3768,-10666,3305,1723,-18671,3694,-10838,3699,LUCAS_polygon,NA,
00000000000000000655_0,Cropland,2,47543184,1661,-21344,9471,-12854,13805,1593,-19993,9768,-12547,10762,LUCAS_polygon,NA,
000000000000000006c4_0,Cropland,2,48283156,2282,-19742,5132,-8652,3538,2512,-19582,4918,-7797,3148,LUCAS_polygon,NA,
000000000000000007af_0,Cropland,2,48463046,1710,-17888,2957,-10460,2473,1674,-17528,3074,-10469,2647,LUCAS_polygon,NA,
000000000000000007f7_0,Cropland,2,47303066,1814,-17600,5432,-9703,3175,1917,-17299,5724,-9026,2907,LUCAS_polygon,NA,
0000000000000000080a_0,Cropland,2,48282992,1761,-18106,5745,-10282,3145,1856,-18862,6365,-10163,3121,LUCAS_polygon,NA,
0000000000000000083a_0,Cropland,2,48563142,1831,-17097,3287,-9336,2727,1909,-17544,3853,-9190,2976,LUCAS_polygon,NA,
000000000000000008b0_0,Cropland,2,48842968,1698,-17687,3530,-10414,3266,1632,-19169,2539,-11742,2912,LUCAS_polygon,NA,
00000000000000000903_0,Cropland,2,48763000,1919,-19507,4230,-10163,2713,1964,-18843,4892,-9597,2724,LUCAS_polygon,NA,
0000000000000000090e_0,Cropland,2,48942960,1968,-18683,4008,-9496,3267,1941,-18524,3708,-9542,2643,LUCAS_polygon,NA,
000000000000000009e6_0,Cropland,2,48843026,1857,-18809,3366,-10127,3395,2106,-20454,4220,-9712,4118,LUCAS_polygon,NA,
00000000000000000a0f_0,Cropland,2,48363150,1667,-17772,4128,-10664,3334,1722,-18547,3830,-10773,3153,LUCAS_polygon,NA,
00000000000000000a1d_0,Cropland,2,48163192,1886,-18634,3339,-9878,3260,2008,-19902,4647,-9913,5566,LUCAS_polygon,NA,
00000000000000000a85_0,Cropland,2,48523188,1721,-19344,3566,-11240,2875,1909,-19372,6014,-10148,5554,LUCAS_polygon,NA,
00000000000000000a8e_0,Cropland,2,48722956,1879,-19378,4906,-10316,3098,1830,-18348,3897,-10027,2420,LUCAS_polygon,NA,
00000000000000000b63_0,Cropland,2,48623094,1643,-20716,4994,-12612,3369,1681,-22065,9892,-13125,13168,LUCAS_polygon,NA,
00000000000000000c36_0,Cropland,2,48923008,1905,-16218,4403,-8512,3064,1812,-17425,3983,-9616,2742,LUCAS_polygon,NA,
00000000000000000c65_0,Cropland,2,48662964,1767,-20439,4315,-11569,3292,1560,-19592,3509,-12560,2547,LUCAS_polygon,NA,
00000000000000000dab_0,Cropland,2,48263058,1668,-18840,3891,-11296,3080,1850,-18923,3726,-10229,3129,LUCAS_polygon,NA,
00000000000000000df8_0,Cropland,2,47743100,2267,-16675,3995,-7354,3006,1782,-17057,3402,-9573,2991,LUCAS_polygon,NA,
00000000000000000df9_0,Cropland,2,47623030,1493,-19416,4726,-13002,3391,1602,-19136,5753,-11943,3974,LUCAS_polygon,NA,
00000000000000000f4e_0,Cropland,2,47803102,1761,-18616,13025,-10572,14052,1783,-17964,4512,-10078,2874,LUCAS_polygon,NA,
00000000000000000f8f_0,Cropland,2,47802948,1578,-19189,3668,-12159,2662,1761,-19441,3263,-11038,3083,LUCAS_polygon,NA,
00000000000000001049_0,Cropland,2,48643156,1636,-19191,4257,-11727,3000,1665,-20716,3682,-12440,3221,LUCAS_polygon,NA,
00000000000000001081_0,Cropland,2,48063088,2044,-15956,4918,-7806,2759,2002,-16835,4703,-8409,2541,LUCAS_polygon,NA,
0000000000000000112f_0,Cropland,2,47662994,1742,-17728,4968,-10178,3247,1768,-17864,4748,-10105,3198,LUCAS_polygon,NA,
0000000000000000121c_0,Cropland,2,47743002,2121,-21897,11524,-10326,14885,1758,-18948,3800,-10778,3857,LUCAS_polygon,NA,
00000000000000001262_0,Cropland,2,47843128,1808,-16501,5761,-9127,3089,1712,-17821,5601,-10409,2471,LUCAS_polygon,NA,
00000000000000001264_0,Cropland,2,47303026,1739,-18375,4131,-10569,3156,1753,-19638,4662,-11202,3229,LUCAS_polygon,NA,
00000000000000001287_0,Cropland,2,47762996,1841,-20012,10538,-10872,14563,1878,-20063,3883,-10682,3580,LUCAS_polygon,NA,
000000000000000012c6_0,Cropland,2,48303000,2177,-19869,4729,-9128,3590,1705,-20475,4421,-12012,3881,LUCAS_polygon,NA,
00000000000000001306_0,Cropland,2,48823024,1869,-19397,3300,-10380,3386,1927,-19864,4433,-10308,4601,LUCAS_polygon,NA,
00000000000000001442_0,Cropland,2,48103160,1873,-19642,4295,-10488,3184,1796,-19567,3811,-10892,3434,LUCAS_polygon,NA,
0000000000000000150c_0,Cropland,2,48123194,1906,-18958,3331,-9949,3312,1812,-19696,4816,-10868,5527,LUCAS_polygon,NA,
0000000000000000158b_0,Cropland,2,48423082,2036,-18838,3962,-9254,3261,1755,-18943,4015,-10791,3270,LUCAS_polygon,NA,
000000000000000015b4_0,Cropland,2,47342998,1666,-20181,3468,-12115,2203,1558,-20896,3914,-13408,2362,LUCAS_polygon,NA,
000000000000000015cf_0,Cropland,2,48403140,1656,-18909,3654,-11421,2858,1692,-19566,4044,-11566,3536,LUCAS_polygon,NA,
000000000000000015ee_0,Cropland,2,47483182,1860,-16385,4566,-8810,2566,1880,-16274,4147,-8657,2569,LUCAS_polygon,NA,
00000000000000001600_0,Cropland,2,48522958,1563,-20445,4786,-13082,3834,1515,-20172,5582,-13317,10591,LUCAS_polygon,NA,
00000000000000001680_0,Cropland,2,48723010,1850,-19133,5614,-10343,2874,1866,-19033,4427,-10201,2481,LUCAS_polygon,NA,
000000000000000016d3_0,Cropland,2,48023094,1789,-19558,3881,-10930,3584,1606,-19622,4433,-12215,3394,LUCAS_polygon,NA,
000000000000000016fe_0,Cropland,2,48322952,1668,-16597,6186,-9952,3633,1921,-18326,5727,-9539,2846,LUCAS_polygon,NA,
00000000000000001785_0,Cropland,2,47943000,1886,-19194,3781,-10176,2966,1768,-19066,4097,-10786,3121,LUCAS_polygon,NA,
0000000000000000182a_0,Cropland,2,47422956,2186,-19173,4873,-8771,3291,1755,-19173,5791,-10925,2949,LUCAS_polygon,NA,
000000000000000018e9_0,Cropland,2,48183088,1880,-16926,3825,-9002,2556,1692,-17321,4648,-10237,2613,LUCAS_polygon,NA,
000000000000000019c1_0,Cropland,2,47862964,1828,-19609,3685,-10725,2773,1667,-19535,3533,-11722,2655,LUCAS_polygon,NA,
00000000000000001a55_0,Cropland,2,48723124,1722,-22066,4591,-12813,3136,1546,-21284,3913,-13768,3311,LUCAS_polygon,NA,
00000000000000001a91_0,Cropland,2,48303062,2089,-18444,3474,-8828,3693,1738,-18196,3406,-10467,2537,LUCAS_polygon,NA,
00000000000000001b1d_0,Cropland,2,47943054,2033,-17819,12242,-8764,14374,1955,-16280,4300,-8329,2597,LUCAS_polygon,NA,
00000000000000001bb7_0,Cropland,2,48462974,1745,-17247,2852,-9882,2242,1844,-17709,3303,-9604,2415,LUCAS_polygon,NA,
00000000000000001bf5_0,Cropland,2,48823048,1827,-17888,6063,-9789,3450,1677,-16641,5247,-9922,3465,LUCAS_polygon,NA,
00000000000000001c83_0,Cropland,2,48163092,2035,-15069,4781,-7404,3120,2323,-15192,4538,-6539,3664,LUCAS_polygon,NA,
00000000000000001d37_0,Cropland,2,47702972,1640,-18615,3586,-11348,2569,1848,-18967,3111,-10261,3008,LUCAS_polygon,NA,
00000000000000001de6_0,Cropland,2,48503168,1793,-18314,3650,-10216,2416,1881,-17459,2901,-9283,2648,LUCAS_polygon,NA,
00000000000000001e42_0,Cropland,2,48283154,1947,-18888,5363,-9700,3632,2239,-18131,5349,-8099,3276,LUCAS_polygon,NA,
00000000000000001e69_0,Cropland,2,47762982,1608,-19797,4135,-12314,1925,1677,-19424,3165,-11580,2496,LUCAS_polygon,NA,
00000000000000001e88_0,Cropland,2,47983026,1872,-19240,4576,-10278,3559,1839,-19457,4020,-10578,3097,LUCAS_polygon,NA,
00000000000000001f67_0,Cropland,2,48723190,1612,-19459,4826,-12069,3154,1673,-20375,10711,-12181,14561,LUCAS_polygon,NA,
0000000000000000206d_0,Cropland,2,47643042,1876,-20890,11904,-11134,14473,1743,-19383,4125,-11121,2816,LUCAS_polygon,NA,
00000000000000002075_0,Cropland,2,48723054,1694,-19208,3191,-11340,3365,1568,-19309,3652,-12312,3102,LUCAS_polygon,NA,
0000000000000000209c_0,Cropland,2,47762972,1563,-19977,5198,-12780,3074,1595,-20611,4888,-12923,3477,LUCAS_polygon,NA,
00000000000000002186_0,Cropland,2,48083148,1817,-18454,4136,-10156,3140,1990,-17875,5138,-8981,2763,LUCAS_polygon,NA,
00000000000000002191_0,Cropland,2,48482972,1755,-20490,4674,-11674,4100,1726,-20445,9283,-11848,11038,LUCAS_polygon,NA,
000000000000000021f3_0,Cropland,2,48503082,1718,-16381,4326,-9534,2446,2026,-15131,4109,-7467,3058,LUCAS_polygon,NA,
000000000000000022f7_0,Cropland,2,48403194,1579,-21366,3530,-13535,2483,1567,-20164,5981,-12870,5128,LUCAS_polygon,NA,
0000000000000000232f_0,Cropland,2,47943180,1857,-18090,3813,-9742,3096,1584,-19590,4346,-12365,3069,LUCAS_polygon,NA,
00000000000000002349_0,Cropland,2,47443188,2015,-15785,4515,-7833,3197,1962,-14775,4211,-7529,2903,LUCAS_polygon,NA,
00000000000000002382_0,Cropland,2,48083104,1824,-19123,4320,-10486,3171,1932,-19194,4213,-9935,3546,LUCAS_polygon,NA,
0000000000000000238e_0,Cropland,2,47543148,1729,-17917,3384,-10364,3385,1794,-18528,9468,-10326,11139,LUCAS_polygon,NA,
000000000000000023a8_0,Cropland,2,48002988,1917,-21236,4232,-11076,2945,1755,-21062,4185,-12000,2910,LUCAS_polygon,NA,
000000000000000023c8_0,Cropland,2,48263148,1928,-18808,4171,-9753,3682,1811,-18839,4192,-10402,3514,LUCAS_polygon,NA,
000000000000000023ee_0,Cropland,2,48503196,2237,-21556,5199,-9634,3984,1667,-21109,5769,-12661,5675,LUCAS_polygon,NA,
0000000000000000243c_0,Cropland,2,48623054,1933,-18162,4220,-9395,4082,1472,-18260,4576,-12407,11567,LUCAS_polygon,NA,
00000000000000002466_0,Cropland,2,48543072,1683,-17127,3639,-10176,2991,1631,-17585,3685,-10783,2820,LUCAS_polygon,NA,
000000000000000026a6_0,Cropland,2,47682996,1649,-20674,5096,-12535,3636,1593,-21843,4444,-13714,3642,LUCAS_polygon,NA,
0000000000000000278c_0,Cropland,2,47643064,1688,-18425,3950,-10912,2577,1611,-19798,4225,-12292,2413,LUCAS_polygon,NA,
0000000000000000278e_0,Cropland,2,47943094,1678,-16245,3536,-9684,3113,1575,-17585,2828,-11163,2426,LUCAS_polygon,NA,
000000000000000027be_0,Cropland,2,47743120,1645,-19065,10207,-11591,13885,1688,-18888,3985,-11192,2560,LUCAS_polygon,NA,
00000000000000002836_0,Cropland,2,48363186,1736,-19586,3456,-11285,2869,1657,-20168,5672,-12173,5240,LUCAS_polygon,NA,
0000000000000000287d_0,Cropland,2,47303044,1741,-19900,4303,-11431,2864,1897,-20030,4090,-10560,2461,LUCAS_polygon,NA,
000000000000000028e9_0,Cropland,2,47642956,1513,-19925,4829,-13171,2441,1543,-19729,3362,-12787,2313,LUCAS_polygon,NA,
000000000000000028ea_0,Cropland,2,48483126,1652,-19892,4029,-12043,2671,1996,-20534,5118,-10286,3566,LUCAS_polygon,NA,
00000000000000002914_0,Cropland,2,48023106,2745,-19069,3425,-6947,4172,1737,-19813,3956,-11407,3070,LUCAS_polygon,NA,
0000000000000000291a_0,Cropland,2,48563152,1768,-17935,2776,-10145,2832,1651,-19424,3844,-11768,2668,LUCAS_polygon,NA,
0000000000000000294d_0,Cropland,2,48222982,1984,-17009,5050,-8574,3213,1764,-18573,4208,-10530,3620,LUCAS_polygon,NA,
0000000000000000296f_0,Cropland,2,48283066,1774,-18341,5019,-10337,3411,1573,-19801,3503,-12592,3043,LUCAS_polygon,NA,
000000000000000029ed_0,Cropland,2,48122978,1686,-19031,4758,-11290,3154,1669,-17595,4972,-10543,3432,LUCAS_polygon,NA,
00000000000000002a43_0,Cropland,2,47723000,1773,-18859,5429,-10636,3258,1703,-18799,4549,-11036,3234,LUCAS_polygon,NA,
00000000000000002b10_0,Cropland,2,48663144,1711,-18844,3868,-11011,3152,1550,-20332,11191,-13120,13729,LUCAS_polygon,NA,
00000000000000002be9_0,Cropland,2,48723186,1734,-18030,2732,-10400,2672,1830,-19852,11120,-10845,14488,LUCAS_polygon,NA,
00000000000000002bf3_0,Cropland,2,47723108,1554,-19290,2916,-12416,1951,1635,-19192,3943,-11737,2616,LUCAS_polygon,NA,
00000000000000002c6b_0,Cropland,2,48583144,1827,-16565,3996,-9066,2706,1757,-17072,3917,-9719,2879,LUCAS_polygon,NA,
00000000000000002c6c_0,Cropland,2,48823030,1768,-15786,4513,-8929,2967,1538,-15605,3890,-10144,2507,LUCAS_polygon,NA,
00000000000000002f42_0,Cropland,2,48702966,1974,-18752,4715,-9499,3179,1729,-18417,4389,-10655,3131,LUCAS_polygon,NA,
00000000000000002f94_0,Cropland,2,48223054,1762,-16467,5139,-9344,2413,2227,-16809,5131,-7547,5559,LUCAS_polygon,NA,
0000000000000000306e_0,Cropland,2,48442978,1917,-16235,4931,-8469,2804,1897,-15793,4025,-8325,2692,LUCAS_polygon,NA,
000000000000000030a4_0,Cropland,2,48302946,1863,-17938,4456,-9630,3666,2104,-18945,3572,-9002,3246,LUCAS_polygon,NA,
000000000000000030a7_0,Cropland,2,47942996,1629,-18958,4229,-11636,3099,1696,-18303,3345,-10795,3600,LUCAS_polygon,NA,
000000000000000031bf_0,Cropland,2,48383062,1932,-14277,2828,-7391,2651,1601,-17702,3291,-11060,3436,LUCAS_polygon,NA,
000000000000000031c6_0,Cropland,2,48723136,1699,-16933,5426,-9967,3053,1732,-16619,6229,-9597,2642,LUCAS_polygon,NA,
0000000000000000328c_0,Cropland,2,47703190,2466,-21060,4797,-8540,5033,1798,-21404,5589,-11904,4335,LUCAS_polygon,NA,
00000000000000003293_0,Cropland,2,48423046,1766,-16565,3704,-9382,3101,1817,-17336,3815,-9539,3260,LUCAS_polygon,NA,
0000000000000000334d_0,Cropland,2,47623106,1839,-20840,3596,-11335,3181,1682,-20452,4232,-12159,3244,LUCAS_polygon,NA,
0000000000000000334e_0,Cropland,2,48782954,2007,-18189,4822,-9061,2671,1738,-18092,5576,-10407,3111,LUCAS_polygon,NA,
0000000000000000338e_0,Cropland,2,47562980,1667,-19595,4069,-11755,3647,1615,-19716,3603,-12205,3357,LUCAS_polygon,NA,
0000000000000000339d_0,Cropland,2,47962944,2016,-16875,4951,-8371,2518,1967,-17555,5312,-8925,2477,LUCAS_polygon,NA,
0000000000000000341c_0,Cropland,2,48783016,1985,-19911,3450,-10029,4373,1727,-20634,3403,-11946,3298,LUCAS_polygon,NA,
000000000000000034c7_0,Cropland,2,47503000,1745,-21449,4104,-12294,3100,1709,-20357,4115,-11909,3180,LUCAS_polygon,NA,
00000000000000003547_0,Cropland,2,47463010,1932,-19198,5424,-9937,2836,2002,-18828,5093,-9403,2571,LUCAS_polygon,NA,
000000000000000035c0_0,Cropland,2,47782980,1754,-20891,11137,-11913,14033,1950,-20369,4175,-10448,3283,LUCAS_polygon,NA,
0000000000000000369e_0,Cropland,2,48583086,1729,-18720,3771,-10828,2851,1679,-18940,3544,-11282,3224,LUCAS_polygon,NA,
00000000000000003707_0,Cropland,2,47863086,1712,-20109,11697,-11743,13530,1966,-19461,4821,-9900,3179,LUCAS_polygon,NA,
0000000000000000372b_0,Cropland,2,48763018,1678,-18038,2604,-10750,2939,1668,-17020,2110,-10207,2588,LUCAS_polygon,NA,
00000000000000003754_0,Cropland,2,48723180,1613,-20928,4775,-12975,2614,1503,-21588,10130,-14366,13572,LUCAS_polygon,NA,
0000000000000000376d_0,Cropland,2,48022990,1836,-20673,5152,-11261,2708,1921,-19331,4267,-10064,2661,LUCAS_polygon,NA,
0000000000000000377c_0,Cropland,2,47903104,1934,-18261,3469,-9440,2798,1686,-18720,3125,-11104,2657,LUCAS_polygon,NA,
000000000000000037bb_0,Cropland,2,48523150,1746,-18176,3018,-10410,3386,1857,-18919,3249,-10188,3109,LUCAS_polygon,NA,
000000000000000037ec_0,Cropland,2,48683064,1695,-19441,2874,-11467,2736,1637,-19553,3059,-11945,2019,LUCAS_polygon,NA,
00000000000000003828_0,Cropland,2,47363158,1946,-20816,13351,-10698,14599,1895,-17975,5106,-9487,3131,LUCAS_polygon,NA,
00000000000000003839_0,Cropland,2,48623122,1655,-19822,4901,-11978,3784,1761,-20107,4548,-11420,3607,LUCAS_polygon,NA,
0000000000000000386d_0,Cropland,2,47523034,1776,-17092,4768,-9626,3421,1721,-15801,6046,-9184,3629,LUCAS_polygon,NA,
000000000000000038f4_0,Cropland,2,48563148,1729,-16968,4100,-9815,2787,1987,-17093,5148,-8602,2485,LUCAS_polygon,NA,
0000000000000000390c_0,Cropland,2,48622950,1820,-17853,5788,-9808,2900,1924,-19001,4744,-9877,2854,LUCAS_polygon,NA,
0000000000000000392a_0,Cropland,2,47803008,2052,-17341,5228,-8449,2509,1729,-17232,4911,-9966,3235,LUCAS_polygon,NA,
000000000000000039e8_0,Cropland,2,47722978,1768,-20345,5445,-11508,3084,1631,-19562,3911,-11996,2787,LUCAS_polygon,NA,
00000000000000003a25_0,Cropland,2,47782974,1696,-19642,3474,-11583,3133,1694,-19636,4093,-11590,3109,LUCAS_polygon,NA,
00000000000000003a57_0,Cropland,2,47603028,1674,-19273,4212,-11516,2921,1810,-18889,3627,-10437,3220,LUCAS_polygon,NA,
00000000000000003a9b_0,Cropland,2,48203004,1760,-16278,4050,-9249,2541,1725,-16530,5184,-9580,3221,LUCAS_polygon,NA,
00000000000000003ca0_0,Cropland,2,48623060,1814,-18995,4467,-10472,2998,1575,-18651,4479,-11840,11881,LUCAS_polygon,NA,
00000000000000003ca9_0,Cropland,2,47823064,1733,-19519,3432,-11261,2877,1693,-19592,3627,-11570,3254,LUCAS_polygon,NA,
00000000000000003cb7_0,Cropland,2,48623150,1727,-19573,4120,-11330,3010,1912,-19673,4464,-10287,2935,LUCAS_polygon,NA,
00000000000000003d10_0,Cropland,2,48003168,1748,-17589,3907,-10059,3608,1973,-18343,3328,-9297,3242,LUCAS_polygon,NA,
00000000000000003d4b_0,Cropland,2,47722982,1609,-19760,4880,-12285,3444,1726,-20583,4831,-11924,3963,LUCAS_polygon,NA,
00000000000000003d9f_0,Cropland,2,48142988,1706,-20831,9337,-12211,13169,1893,-19316,3763,-10203,3781,LUCAS_polygon,NA,
00000000000000003e02_0,Cropland,2,48922986,1653,-18323,3499,-11082,3108,1685,-17692,3350,-10499,3203,LUCAS_polygon,NA,
00000000000000003e73_0,Cropland,2,47583040,1737,-20624,4889,-11873,2809,1789,-19085,4255,-10668,2878,LUCAS_polygon,NA,
00000000000000003fdc_0,Cropland,2,48823064,1846,-19237,3357,-10419,3208,1912,-18754,3422,-9809,2692,LUCAS_polygon,NA,
000000000000000040da_0,Cropland,2,47803106,2015,-20988,11262,-10417,13941,1854,-20168,3698,-10880,2954,LUCAS_polygon,NA,
00000000000000004159_0,Cropland,2,47763054,1489,-16985,2587,-11403,2249,1608,-17409,3100,-10828,2109,LUCAS_polygon,NA,
00000000000000004186_0,Cropland,2,47403188,1525,-19124,3562,-12537,2319,1576,-19197,3549,-12181,2644,LUCAS_polygon,NA,
00000000000000004187_0,Cropland,2,48803060,1700,-18864,3562,-11095,2996,1635,-18374,3206,-11241,3449,LUCAS_polygon,NA,
0000000000000000426c_0,Cropland,2,47723004,1892,-20762,12034,-10971,14518,2014,-16810,5187,-8345,2867,LUCAS_polygon,NA,
000000000000000043d4_0,Cropland,2,48722992,1845,-20239,3366,-10967,2545,1645,-19295,2909,-11727,2655,LUCAS_polygon,NA,
000000000000000043e9_0,Cropland,2,47303052,1804,-18962,3461,-10512,2955,1894,-17951,3357,-9480,2689,LUCAS_polygon,NA,
00000000000000004449_0,Cropland,2,48803018,1927,-16918,3912,-8780,3147,1999,-17307,3679,-8659,3065,LUCAS_polygon,NA,
00000000000000004468_0,Cropland,2,47902982,2034,-21254,4448,-10452,3244,1690,-19974,4922,-11821,3293,LUCAS_polygon,NA,
000000000000000045e6_0,Cropland,2,48483068,1782,-16861,5550,-9462,3235,1950,-16649,4385,-8538,2667,LUCAS_polygon,NA,
00000000000000004623_0,Cropland,2,48843062,1746,-19732,5968,-11299,3034,1640,-19774,3288,-12055,2194,LUCAS_polygon,NA,
0000000000000000466d_0,Cropland,2,48483188,1901,-17400,3431,-9155,2853,1691,-17179,5247,-10157,5332,LUCAS_polygon,NA,
000000000000000046b1_0,Cropland,2,47803020,1879,-20702,3718,-11016,3309,1556,-19041,3289,-12233,2672,LUCAS_polygon,NA,
00000000000000004701_0,Cropland,2,48623114,1655,-20837,4104,-12588,2421,1541,-21403,10480,-13892,12997,LUCAS_polygon,NA,
0000000000000000475e_0,Cropland,2,47683014,1686,-17108,4320,-10148,2854,1823,-16916,4195,-9280,2819,LUCAS_polygon,NA,
00000000000000004865_0,Cropland,2,47962988,1997,-19686,5152,-9855,3836,1856,-18890,5236,-10180,3670,LUCAS_polygon,NA,
00000000000000004891_0,Cropland,2,47482998,1760,-18032,6970,-10246,3152,1790,-18410,4298,-10282,3299,LUCAS_polygon,NA,
00000000000000004923_0,Cropland,2,48463084,1747,-19777,3259,-11317,3824,1641,-19893,4390,-12125,3994,LUCAS_polygon,NA,
0000000000000000492a_0,Cropland,2,48643118,1613,-17558,2846,-10883,2606,1597,-18655,10414,-11682,13986,LUCAS_polygon,NA,
00000000000000004972_0,Cropland,2,47843058,1931,-18940,3839,-9809,3731,1623,-20558,3245,-12669,2572,LUCAS_polygon,NA,
0000000000000000c2c5_0,Cropland,2,48263072,1976,-19029,3878,-9632,3177,1835,-19378,5460,-10561,3538,LUCAS_polygon,NA,
0000000000000000c4d8_0,Cropland,2,47623116,1645,-17408,4252,-10580,3778,1763,-18581,3739,-10541,3663,LUCAS_polygon,NA,
0000000000000000c51a_0,Cropland,2,48422980,1738,-18147,4955,-10438,3559,1619,-18300,5176,-11303,3607,LUCAS_polygon,NA,
0000000000000000c566_0,Cropland,2,47642988,1713,-16904,4654,-9869,2872,1699,-17555,4703,-10334,2463,LUCAS_polygon,NA,
0000000000000000c62f_0,Cropland,2,48342990,1735,-20406,5824,-11759,4213,1647,-19532,4132,-11860,3853,LUCAS_polygon,NA,
0000000000000000c681_0,Cropland,2,48023022,1620,-18201,5893,-11238,13628,1797,-19060,3332,-10606,2639,LUCAS_polygon,NA,
0000000000000000c723_0,Cropland,2,47703100,1682,-17452,4130,-10374,2635,1801,-18317,3604,-10172,2489,LUCAS_polygon,NA,
0000000000000000c74f_0,Cropland,2,47982966,2116,-18870,3426,-8920,3068,2091,-20310,4261,-9713,3355,LUCAS_polygon,NA,
0000000000000000c7a3_0,Cropland,2,47863104,1714,-15231,2889,-8887,2432,1699,-16204,3174,-9538,2376,LUCAS_polygon,NA,
0000000000000000c8b7_0,Cropland,2,48703200,1699,-21091,11469,-12417,13772,1730,-20956,11050,-12111,13442,LUCAS_polygon,NA,
0000000000000000c9c7_0,Cropland,2,47542982,1911,-19851,5615,-10389,2917,2185,-17350,5011,-7940,3153,LUCAS_polygon,NA,
0000000000000000c9f7_0,Cropland,2,48902962,2299,-18042,4969,-7848,2587,1868,-17928,4319,-9596,2380,LUCAS_polygon,NA,
0000000000000000ca09_0,Cropland,2,48802970,1702,-16553,4665,-9726,3053,1723,-16267,5154,-9442,3090,LUCAS_polygon,NA,
0000000000000000cb2c_0,Cropland,2,48362982,1743,-18827,3762,-10803,4045,2121,-19440,4015,-9166,3480,LUCAS_polygon,NA,
0000000000000000cb6b_0,Cropland,2,48723018,1806,-16740,4214,-9270,3078,1877,-16580,3896,-8835,2696,LUCAS_polygon,NA,
0000000000000000ccce_0,Cropland,2,47983008,1792,-18589,3212,-10372,2765,1716,-18375,4436,-10706,3022,LUCAS_polygon,NA,
0000000000000000cd22_0,Cropland,2,47463028,1740,-19907,3785,-11439,3080,1827,-20154,8885,-11034,11120,LUCAS_polygon,NA,
0000000000000000cd82_0,Cropland,2,48842982,1692,-16274,3906,-9620,2618,1887,-17800,3475,-9434,2246,LUCAS_polygon,NA,
0000000000000000cd83_0,Cropland,2,47943076,1826,-18086,5019,-9907,4018,1604,-18795,4133,-11715,3529,LUCAS_polygon,NA,
0000000000000000ce1b_0,Cropland,2,48823100,1527,-20009,4065,-13107,2273,1530,-20378,4141,-13318,2118,LUCAS_polygon,NA,
0000000000000000ce3f_0,Cropland,2,48723034,1776,-16415,3653,-9243,2673,1827,-16035,3816,-8775,2312,LUCAS_polygon,NA,
0000000000000000ce9e_0,Cropland,2,47503104,1778,-19327,11771,-10871,14277,1671,-19527,9204,-11688,11185,LUCAS_polygon,NA,
0000000000000000cecd_0,Cropland,2,47702992,1697,-16445,4375,-9693,2906,1643,-16813,4641,-10232,2696,LUCAS_polygon,NA,
0000000000000000cf69_0,Cropland,2,48763014,2038,-19851,6313,-9743,3688,2024,-19134,4512,-9453,3950,LUCAS_polygon,NA,
0000000000000000cfcd_0,Cropland,2,48083158,1944,-15345,3355,-7894,2618,1867,-15687,4129,-8403,3129,LUCAS_polygon,NA,
0000000000000000cfde_0,Cropland,2,47463042,1602,-19681,5274,-12289,3156,1729,-20727,9192,-11989,10856,LUCAS_polygon,NA,
0000000000000000d0f7_0,Cropland,2,48723006,1933,-20594,4111,-10655,3376,1914,-21355,3637,-11156,3098,LUCAS_polygon,NA,
0000000000000000d16f_0,Cropland,2,48723070,1994,-20046,5302,-10052,2924,1700,-18764,3827,-11037,3138,LUCAS_polygon,NA,
0000000000000000d1ed_0,Cropland,2,48243152,1936,-16557,4653,-8553,3013,1902,-17061,4960,-8972,3062,LUCAS_polygon,NA,
0000000000000000d1f0_0,Cropland,2,47363104,1856,-19144,4808,-10316,2698,1777,-19281,3537,-10851,2879,LUCAS_polygon,NA,
0000000000000000d32d_0,Cropland,2,47603114,1998,-20684,3767,-10354,3728,1728,-20431,4097,-11825,3082,LUCAS_polygon,NA,
0000000000000000d353_0,Cropland,2,48743098,1704,-20122,5597,-11807,2964,1646,-21297,5072,-12938,3173,LUCAS_polygon,NA,
0000000000000000d3ca_0,Cropland,2,48042970,1775,-19491,4021,-10982,3000,1777,-19809,4485,-11147,3586,LUCAS_polygon,NA,
0000000000000000d3f0_0,Cropland,2,47442952,1673,-19792,3455,-11832,3636,1730,-19640,4125,-11354,3541,LUCAS_polygon,NA,
0000000000000000d57c_0,Cropland,2,48362974,1833,-19590,4370,-10690,4483,1671,-19326,4706,-11565,3512,LUCAS_polygon,NA,
0000000000000000d5b7_0,Cropland,2,48922968,1872,-18710,4098,-9997,4205,1779,-18784,4319,-10558,3316,LUCAS_polygon,NA,
0000000000000000d5ca_0,Cropland,2,48483094,2095,-19810,3497,-9455,3787,2060,-20713,4395,-10057,3812,LUCAS_polygon,NA,
0000000000000000d62d_0,Cropland,2,48823082,1943,-19272,3814,-9921,3523,1810,-20159,3804,-11140,3383,LUCAS_polygon,NA,
0000000000000000d6a9_0,Cropland,2,48543070,1767,-18060,3340,-10219,2583,1730,-17691,3188,-10223,2645,LUCAS_polygon,NA,
0000000000000000d730_0,Cropland,2,48902956,1694,-16820,5347,-9930,2808,1794,-16809,4252,-9369,2340,LUCAS_polygon,NA,
0000000000000000d739_0,Cropland,2,48683046,1710,-17186,3904,-10051,3384,1637,-18411,4022,-11248,2852,LUCAS_polygon,NA,
0000000000000000d790_0,Cropland,2,48523164,1670,-18793,3501,-11251,2932,1732,-18310,3249,-10571,2999,LUCAS_polygon,NA,
0000000000000000d874_0,Cropland,2,48342970,1861,-17221,4305,-9252,3132,2068,-15972,4808,-7724,3645,LUCAS_polygon,NA,
0000000000000000dabf_0,Cropland,2,47523052,1878,-18663,4782,-9937,3450,1822,-17062,4367,-9367,3730,LUCAS_polygon,NA,
0000000000000000dae1_0,Cropland,2,47562956,1616,-20804,4049,-12874,2830,1621,-20834,4101,-12849,2694,LUCAS_polygon,NA,
0000000000000000dbfb_0,Cropland,2,48703054,1732,-18682,5560,-10785,4241,1689,-18525,4434,-10971,4108,LUCAS_polygon,NA,
0000000000000000dc08_0,Cropland,2,48663062,1878,-19631,4409,-10455,4033,1669,-18936,4644,-11348,4284,LUCAS_polygon,NA,
0000000000000000dcf8_0,Cropland,2,48703188,1668,-20640,4367,-12376,3008,1708,-23325,11008,-13654,14097,LUCAS_polygon,NA,
0000000000000000dd47_0,Cropland,2,48763144,1609,-19000,3881,-11807,2920,1629,-18563,4090,-11395,2677,LUCAS_polygon,NA,
0000000000000000df2c_0,Cropland,2,48703132,1742,-18960,3189,-10883,3562,1588,-19130,3447,-12045,9955,LUCAS_polygon,NA,
0000000000000000df4e_0,Cropland,2,48502952,1701,-19356,4222,-11378,3263,1787,-19915,8964,-11145,12413,LUCAS_polygon,NA,
0000000000000000df9f_0,Cropland,2,48082970,1798,-19143,5345,-10648,4120,2096,-20574,4451,-9816,2994,LUCAS_polygon,NA,
0000000000000000e07f_0,Cropland,2,47883016,1761,-18117,4336,-10288,2865,1865,-17500,4704,-9383,3184,LUCAS_polygon,NA,
0000000000000000e080_0,Cropland,2,48083114,1934,-17328,4133,-8960,2579,1929,-17436,4201,-9037,2559,LUCAS_polygon,NA,
0000000000000000e0de_0,Cropland,2,47662976,1642,-20396,4961,-12422,2839,1596,-21112,4108,-13232,3120,LUCAS_polygon,NA,
0000000000000000e159_0,Cropland,2,47583122,1961,-17964,4068,-9161,2632,1805,-17782,3767,-9850,2952,LUCAS_polygon,NA,
0000000000000000e15a_0,Cropland,2,48623168,1677,-20729,4451,-12357,3520,2494,-20632,5085,-8274,5427,LUCAS_polygon,NA,
0000000000000000e16e_0,Cropland,2,48523066,2140,-17616,6114,-8230,2729,1870,-16879,4630,-9027,3191,LUCAS_polygon,NA,
0000000000000000e1b8_0,Cropland,2,48363096,1875,-15921,4484,-8490,2758,1848,-15847,4674,-8577,2629,LUCAS_polygon,NA,
0000000000000000e1c4_0,Cropland,2,48162984,1808,-20315,9081,-11239,11105,2051,-19672,4229,-9590,3191,LUCAS_polygon,NA,
0000000000000000e3b6_0,Cropland,2,47403176,2239,-19472,4910,-8695,2651,1812,-19754,4262,-10904,3132,LUCAS_polygon,NA,
0000000000000000e499_0,Cropland,2,48783008,1842,-19682,4542,-10686,3381,1797,-20494,3922,-11407,3173,LUCAS_polygon,NA,
0000000000000000e5bb_0,Cropland,2,48263086,1808,-19067,3339,-10548,2907,1908,-18672,3938,-9785,3003,LUCAS_polygon,NA,
0000000000000000e5bf_0,Cropland,2,48523196,1673,-18115,4020,-10827,3107,1891,-19106,4958,-10102,5428,LUCAS_polygon,NA,
0000000000000000e643_0,Cropland,2,47623110,1824,-19212,5133,-10531,2714,1830,-18699,4570,-10219,2598,LUCAS_polygon,NA,
0000000000000000e705_0,Cropland,2,48563098,2013,-18823,5286,-9350,2633,1844,-17780,4651,-9640,2880,LUCAS_polygon,NA,
0000000000000000e93b_0,Cropland,2,48182988,1639,-19243,3789,-11743,3739,1699,-20719,4379,-12193,3464,LUCAS_polygon,NA,
0000000000000000e951_0,Cropland,2,47722988,1674,-17792,2937,-10626,2915,1687,-19660,4052,-11657,3047,LUCAS_polygon,NA,
0000000000000000e983_0,Cropland,2,48023092,1886,-17369,3192,-9212,4708,1781,-18827,4163,-10572,3648,LUCAS_polygon,NA,
0000000000000000ea71_0,Cropland,2,48543144,1846,-18822,3810,-10198,3606,1954,-18033,4358,-9230,3430,LUCAS_polygon,NA,
0000000000000000eabf_0,Cropland,2,47942960,1729,-19404,3396,-11225,3174,1678,-19571,3523,-11665,2974,LUCAS_polygon,NA,
0000000000000000ebff_0,Cropland,2,47603154,1650,-17831,4803,-10809,8586,1639,-18359,4728,-11204,3075,LUCAS_polygon,NA,
0000000000000000ec18_0,Cropland,2,47403000,2056,-17582,4762,-8553,3560,1914,-18164,5668,-9491,3324,LUCAS_polygon,NA,
0000000000000000ec24_0,Cropland,2,48063118,1706,-18238,3925,-10690,3048,1680,-18305,3116,-10896,2916,LUCAS_polygon,NA,
0000000000000000ec7a_0,Cropland,2,48103100,2181,-16233,4187,-7444,3263,2261,-15345,4473,-6788,3007,LUCAS_polygon,NA,
0000000000000000ecc8_0,Cropland,2,48063008,1583,-18386,7906,-11613,13400,1669,-18593,3551,-11137,2806,LUCAS_polygon,NA,
0000000000000000edb8_0,Cropland,2,47443186,1826,-19638,4536,-10758,3184,1690,-20140,4080,-11915,2579,LUCAS_polygon,NA,
0000000000000000ee8b_0,Cropland,2,48703124,1585,-22122,5443,-13961,3852,1547,-20888,5157,-13505,3359,LUCAS_polygon,NA,
0000000000000000eead_0,Cropland,2,47543032,1609,-20865,5158,-12971,3458,1782,-20578,5169,-11550,3697,LUCAS_polygon,NA,
0000000000000000ef57_0,Cropland,2,48163160,1699,-18758,4821,-11038,3437,1666,-19298,4409,-11582,3265,LUCAS_polygon,NA,
0000000000000000ef9e_0,Cropland,2,48783062,1706,-18958,3479,-11110,3105,1810,-19321,3727,-10673,2734,LUCAS_polygon,NA,
0000000000000000eff0_0,Cropland,2,48162998,1713,-18480,3015,-10790,2884,1731,-18556,3148,-10717,2589,LUCAS_polygon,NA,
0000000000000000f0e0_0,Cropland,2,48843032,1830,-18791,4036,-10270,3436,1692,-18177,3708,-10746,3500,LUCAS_polygon,NA,
0000000000000000f167_0,Cropland,2,47382948,1842,-17642,5461,-9576,2918,1902,-19078,9401,-10031,11429,LUCAS_polygon,NA,
0000000000000000f199_0,Cropland,2,47662998,1647,-16807,3721,-10204,3772,1617,-18681,4765,-11550,3865,LUCAS_polygon,NA,
0000000000000000f2c5_0,Cropland,2,48783010,2153,-19814,3590,-9204,3912,1947,-21672,3222,-11131,3641,LUCAS_polygon,NA,
0000000000000000f2c6_0,Cropland,2,48243008,1822,-19320,4443,-10605,3388,1624,-19111,5099,-11766,3030,LUCAS_polygon,NA,
0000000000000000f31c_0,Cropland,2,48883006,1828,-16357,4561,-8949,2579,1796,-17131,10046,-9539,11408,LUCAS_polygon,NA,
0000000000000000f547_0,Cropland,2,47882954,2089,-18604,6407,-8907,2590,2123,-19176,4784,-9033,2609,LUCAS_polygon,NA,
0000000000000000f54e_0,Cropland,2,48743170,1922,-20411,4244,-10617,3322,1914,-20531,4609,-10729,3164,LUCAS_polygon,NA,
0000000000000000f5b0_0,Cropland,2,47723068,1662,-18864,3616,-11352,2666,1607,-20198,3521,-12569,2244,LUCAS_polygon,NA,
0000000000000000f5f5_0,Cropland,2,48323178,1735,-19856,3571,-11443,2735,1907,-19362,5108,-10151,4448,LUCAS_polygon,NA,
0000000000000000f63e_0,Cropland,2,48243142,1892,-15442,3786,-8161,3522,2181,-16071,4299,-7367,3046,LUCAS_polygon,NA,
0000000000000000f6e7_0,Cropland,2,47702998,1802,-19527,4603,-10837,3622,1928,-20516,5032,-10641,3749,LUCAS_polygon,NA,
0000000000000000f773_0,Cropland,2,48022986,1838,-20950,5196,-11396,4964,1705,-20564,4448,-12061,4319,LUCAS_polygon,NA,
0000000000000000f7e5_0,Cropland,2,48402982,1647,-18167,5575,-11029,3422,1695,-18950,4883,-11180,3482,LUCAS_polygon,NA,
0000000000000000f8ab_0,Cropland,2,48523128,1639,-21248,4830,-12962,3109,1749,-20652,6001,-11810,3378,LUCAS_polygon,NA,
0000000000000000f8b7_0,Cropland,2,47562948,1736,-18802,3411,-10832,2341,1678,-17914,3029,-10676,2701,LUCAS_polygon,NA,
0000000000000000f91e_0,Cropland,2,47763152,2098,-18890,6454,-9004,4169,1758,-19049,5311,-10834,3840,LUCAS_polygon,NA,
0000000000000000f91f_0,Cropland,2,48843022,1842,-19234,3457,-10441,3388,1786,-20485,3367,-11469,3834,LUCAS_polygon,NA,
0000000000000000f94b_0,Cropland,2,48063170,1941,-19015,4864,-9797,3387,1834,-18912,3911,-10310,3036,LUCAS_polygon,NA,
0000000000000000f953_0,Cropland,2,48583072,1919,-18523,5893,-9654,3300,1737,-19596,11625,-11282,14044,LUCAS_polygon,NA,
0000000000000000fa30_0,Cropland,2,47963186,1765,-21547,4888,-12210,2950,1723,-22116,5848,-12839,3201,LUCAS_polygon,NA,
0000000000000000fa60_0,Cropland,2,48823042,1695,-18323,4327,-10812,3685,1911,-18397,4849,-9627,3529,LUCAS_polygon,NA,
0000000000000000fa9c_0,Cropland,2,48143010,1935,-18424,4461,-9522,3017,1642,-19180,3785,-11684,2830,LUCAS_polygon,NA,
0000000000000000fc14_0,Cropland,2,48163090,1895,-18323,3643,-9667,3175,1908,-18193,4247,-9533,3172,LUCAS_polygon,NA,
0000000000000000fcae_0,Cropland,2,47663030,2004,-20685,11126,-10323,14408,1722,-19554,3801,-11357,2901,LUCAS_polygon,NA,
0000000000000000fce9_0,Cropland,2,47463006,1754,-19400,6767,-11063,3550,1676,-18716,4980,-11169,3474,LUCAS_polygon,NA,
0000000000000000fd0b_0,Cropland,2,48463078,1881,-20303,5793,-10796,4220,1656,-19017,5379,-11484,3765,LUCAS_polygon,NA,
0000000000000000fd0d_0,Cropland,2,48663044,1604,-19810,4391,-12347,2247,1623,-19859,4805,-12239,2559,LUCAS_polygon,NA,
0000000000000000fd75_0,Cropland,2,48663098,1648,-19047,3612,-11557,2648,1643,-18926,6879,-11519,9859,LUCAS_polygon,NA,
0000000000000000fdff_0,Cropland,2,47183180,1836,-17926,5871,-9762,2983,1826,-17666,5998,-9674,3028,LUCAS_polygon,NA,
0000000000000000fe37_0,Cropland,2,48022958,1793,-18144,6225,-10119,2599,1819,-18038,5569,-9918,2774,LUCAS_polygon,NA,
0000000000000000fea5_0,Cropland,2,48603062,1873,-17582,5379,-9385,3306,1715,-17766,7352,-10358,12469,LUCAS_polygon,NA,
0000000000000000fec5_0,Cropland,2,47883118,1675,-19745,4222,-11791,3191,1605,-19199,3606,-11963,2549,LUCAS_polygon,NA,
0000000000000000ff38_0,Cropland,2,48143088,1924,-16338,3463,-8491,2514,1947,-17344,3465,-8908,3201,LUCAS_polygon,NA,
0000000000000000ff65_0,Cropland,2,47643162,1758,-20880,10642,-11877,13865,1764,-20434,3900,-11586,3876,LUCAS_polygon,NA,
0000000000000000ff7f_0,Cropland,2,48523114,1693,-18150,5645,-10718,3722,1564,-16583,5802,-10606,3220,LUCAS_polygon,NA,
0000000000000000ff9a_0,Cropland,2,47483034,1720,-20134,4311,-11706,2541,1603,-20212,4660,-12609,2659,LUCAS_polygon,NA,
0000000000000000fffd_0,Cropland,2,47443048,1936,-17839,5186,-9216,2895,1808,-18701,4530,-10341,3423,LUCAS_polygon,NA,
00000000000000010055_0,Cropland,2,48862974,1671,-20485,5051,-12260,3193,1879,-21359,9520,-11367,11004,LUCAS_polygon,NA,
000000000000000100a8_0,Cropland,2,47962992,1941,-18468,3364,-9516,3810,1696,-19626,4275,-11575,3447,LUCAS_polygon,NA,
000000000000000100bf_0,Cropland,2,48382958,1743,-19339,5058,-11096,3684,1752,-19149,4067,-10927,3809,LUCAS_polygon,NA,
0000000000000001012b_0,Cropland,2,47882974,1817,-21201,5569,-11667,3516,1945,-21985,4061,-11306,3758,LUCAS_polygon,NA,
00000000000000010153_0,Cropland,2,47623038,1693,-20163,3671,-11910,3003,1736,-20895,5141,-12038,2520,LUCAS_polygon,NA,
000000000000000101a4_0,Cropland,2,48002970,2009,-19120,3694,-9519,3292,1873,-19939,3070,-10644,3119,LUCAS_polygon,NA,
000000000000000101df_0,Cropland,2,47623026,1849,-19433,3816,-10511,3364,1642,-19317,3800,-11767,3400,LUCAS_polygon,NA,
000000000000000101fa_0,Cropland,2,48283096,1791,-18213,4725,-10168,3697,1745,-17904,4496,-10262,4082,LUCAS_polygon,NA,
00000000000000010239_0,Cropland,2,48022954,1684,-19552,3961,-11609,3628,1743,-19919,3834,-11427,3608,LUCAS_polygon,NA,
0000000000000001026c_0,Cropland,2,47862978,2059,-19854,3879,-9643,2795,1843,-19555,3516,-10613,3140,LUCAS_polygon,NA,
000000000000000102b0_0,Cropland,2,48703198,1644,-19622,5327,-11938,2894,1646,-22255,10809,-13517,14324,LUCAS_polygon,NA,
0000000000000001034c_0,Cropland,2,47783118,1650,-18358,8444,-11123,9696,1664,-19076,5015,-11464,3583,LUCAS_polygon,NA,
0000000000000001038d_0,Cropland,2,48023148,1697,-17968,3027,-10586,2756,1724,-18459,3042,-10708,2574,LUCAS_polygon,NA,
00000000000000010391_0,Cropland,2,47763166,1616,-20408,3490,-12626,2819,1697,-20660,4168,-12178,3050,LUCAS_polygon,NA,
00000000000000010434_0,Cropland,2,47342974,1569,-18353,4516,-11697,3121,1891,-19431,4120,-10276,2826,LUCAS_polygon,NA,
00000000000000010468_0,Cropland,2,48182952,1673,-18694,4804,-11174,3011,1970,-18921,4266,-9605,2848,LUCAS_polygon,NA,
00000000000000010469_0,Cropland,2,48302960,1688,-18201,3817,-10781,3538,1876,-20223,4065,-10783,3399,LUCAS_polygon,NA,
0000000000000001049f_0,Cropland,2,48642962,1747,-19364,4039,-11083,3153,2135,-18683,3731,-8750,3698,LUCAS_polygon,NA,
000000000000000104f4_0,Cropland,2,48383088,1792,-18251,4319,-10182,3715,1566,-17677,4816,-11289,3561,LUCAS_polygon,NA,
00000000000000010637_0,Cropland,2,47523010,1853,-19256,4446,-10394,3620,1733,-19560,3901,-11288,3575,LUCAS_polygon,NA,
00000000000000010791_0,Cropland,2,47622990,1711,-18013,6091,-10527,3301,1909,-17107,5850,-8961,2757,LUCAS_polygon,NA,
0000000000000001079b_0,Cropland,2,48142998,1637,-14572,8364,-8902,9733,1793,-13605,2406,-7586,1891,LUCAS_polygon,NA,
0000000000000001081e_0,Cropland,2,47703170,1683,-17377,5149,-10327,4044,1595,-18808,4282,-11795,3609,LUCAS_polygon,NA,
00000000000000010829_0,Cropland,2,47902968,1873,-20070,4124,-10716,2763,1812,-19077,3533,-10529,2798,LUCAS_polygon,NA,
0000000000000001083e_0,Cropland,2,48143154,1788,-18021,3873,-10080,2996,1714,-18573,3604,-10834,2359,LUCAS_polygon,NA,
000000000000000108a2_0,Cropland,2,48022976,1756,-18418,2976,-10487,3020,1841,-18909,3756,-10274,2349,LUCAS_polygon,NA,
00000000000000010981_0,Cropland,2,48743058,1695,-19620,3962,-11572,2978,1555,-19268,4238,-12391,3186,LUCAS_polygon,NA,
000000000000000109d2_0,Cropland,2,48563074,1790,-18825,3398,-10516,3588,1720,-19114,4399,-11114,3599,LUCAS_polygon,NA,
000000000000000109d5_0,Cropland,2,47703160,1729,-15801,2548,-9139,2208,1599,-21704,4765,-13577,4148,LUCAS_polygon,NA,
00000000000000010a2a_0,Cropland,2,48363088,1857,-16731,4542,-9009,2764,1826,-18073,3889,-9899,2792,LUCAS_polygon,NA,
00000000000000010a5f_0,Cropland,2,47462980,1617,-18734,3897,-11587,3883,1702,-18646,4665,-10956,3731,LUCAS_polygon,NA,
00000000000000010c1b_0,Cropland,2,47522998,2086,-14870,4711,-7127,3098,1900,-15279,4695,-8042,3133,LUCAS_polygon,NA,
00000000000000010d2a_0,Cropland,2,48463154,1835,-19864,3772,-10826,3533,1968,-20697,4028,-10519,3469,LUCAS_polygon,NA,
00000000000000010d73_0,Cropland,2,48183096,1957,-19803,3477,-10118,3322,1731,-20682,3565,-11948,2721,LUCAS_polygon,NA,
00000000000000010dc6_0,Cropland,2,47683090,1369,-18963,2621,-13855,2333,1523,-19666,3273,-12909,2184,LUCAS_polygon,NA,
00000000000000010e02_0,Cropland,2,48443094,1732,-19937,4849,-11513,3020,1627,-19937,3967,-12254,3218,LUCAS_polygon,NA,
00000000000000010e8c_0,Cropland,2,48163088,1946,-20375,4232,-10469,3875,2242,-20055,4150,-8944,3996,LUCAS_polygon,NA,
00000000000000010ec2_0,Cropland,2,48342958,1605,-18320,3689,-11414,3288,1553,-18392,3653,-11844,3463,LUCAS_polygon,NA,
00000000000000010f73_0,Cropland,2,47903014,1987,-18562,3908,-9343,2168,1733,-19104,3326,-11023,2600,LUCAS_polygon,NA,
00000000000000010f74_0,Cropland,2,47642992,1604,-20246,3857,-12621,3295,1618,-18655,4230,-11532,3204,LUCAS_polygon,NA,
00000000000000010fb2_0,Cropland,2,48703048,1668,-19240,4346,-11536,2976,1781,-20477,5487,-11497,2747,LUCAS_polygon,NA,
00000000000000010fb8_0,Cropland,2,47762978,1794,-17315,5037,-9652,3011,1818,-18956,5834,-10429,3238,LUCAS_polygon,NA,
00000000000000010ff8_0,Cropland,2,47403054,1710,-20418,5791,-11942,3330,1583,-19527,4401,-12333,2909,LUCAS_polygon,NA,
00000000000000011082_0,Cropland,2,48103114,1667,-18191,3840,-10913,4123,1730,-19048,4651,-11008,4363,LUCAS_polygon,NA,
000000000000000112b3_0,Cropland,2,48143070,1999,-18876,4923,-9444,3707,1749,-20072,3451,-11477,3316,LUCAS_polygon,NA,
0000000000000001133d_0,Cropland,2,47983192,1606,-19111,3938,-11900,3529,1805,-21484,5457,-11905,5571,LUCAS_polygon,NA,
0000000000000001135b_0,Cropland,2,47842944,1523,-18614,3088,-12225,2365,1881,-19015,3450,-10111,3262,LUCAS_polygon,NA,
00000000000000011410_0,Cropland,2,47502964,1645,-19807,4049,-12040,3561,1686,-19648,4902,-11655,3724,LUCAS_polygon,NA,
0000000000000001147a_0,Cropland,2,47542996,1719,-18207,6325,-10590,3720,1769,-17035,5417,-9631,3081,LUCAS_polygon,NA,
0000000000000001147e_0,Cropland,2,48822974,1738,-18321,3643,-10541,2976,1759,-18399,3666,-10460,2891,LUCAS_polygon,NA,
000000000000000114bd_0,Cropland,2,48863046,1925,-17761,4076,-9225,3767,1906,-19457,5612,-10206,3969,LUCAS_polygon,NA,
000000000000000115ea_0,Cropland,2,47823168,1821,-17304,3971,-9504,2519,1752,-18444,3502,-10529,2659,LUCAS_polygon,NA,
000000000000000002bf_0,Woodland,3,48583018,1709,-14104,2240,-8252,2068,1725,-13585,2223,-7877,11935,LUCAS_polygon,NA,
000000000000000002da_0,Woodland,3,48363010,1742,-15788,2313,-9062,2068,1763,-15460,2957,-8767,2380,LUCAS_polygon,NA,
00000000000000000381_0,Woodland,3,47743190,1976,-11629,1990,-5886,2225,1567,-15088,3629,-9631,3990,LUCAS_polygon,NA,
00000000000000000382_0,Woodland,3,47562944,1666,-15655,2610,-9398,2306,1734,-15864,2678,-9151,1865,LUCAS_polygon,NA,
000000000000000003c9_0,Woodland,3,48343192,1526,-13296,2221,-8713,2044,1483,-14194,4606,-9572,5082,LUCAS_polygon,NA,
00000000000000000408_0,Woodland,3,47603010,1670,-13982,2333,-8372,1934,1671,-14980,2079,-8965,1978,LUCAS_polygon,NA,
0000000000000000044a_0,Woodland,3,48143178,1706,-13265,2222,-7776,1695,1579,-13770,2501,-8719,1853,LUCAS_polygon,NA,
00000000000000000524_0,Woodland,3,47703106,1635,-14133,2063,-8646,2039,1685,-13541,2112,-8036,1904,LUCAS_polygon,NA,
00000000000000000704_0,Woodland,3,47803186,1643,-13978,2404,-8509,1974,1648,-13356,3492,-8102,3948,LUCAS_polygon,NA,
000000000000000007e3_0,Woodland,3,47403180,1524,-12559,2196,-8239,1894,1459,-16405,1890,-11245,1964,LUCAS_polygon,NA,
00000000000000000868_0,Woodland,3,47203164,1475,-14152,2145,-9595,2089,1437,-14724,2477,-10246,1967,LUCAS_polygon,NA,
00000000000000000869_0,Woodland,3,48802988,1655,-14088,2179,-8514,2021,1607,-15409,1892,-9590,1932,LUCAS_polygon,NA,
00000000000000000873_0,Woodland,3,47303084,1783,-16036,2361,-8992,1974,1692,-15489,2698,-9152,2142,LUCAS_polygon,NA,
00000000000000000951_0,Woodland,3,48203048,1647,-15823,2739,-9606,2157,1741,-16023,2428,-9205,2039,LUCAS_polygon,NA,
00000000000000000b43_0,Woodland,3,48043140,1485,-17206,2790,-11587,2363,1504,-17848,2430,-11867,2252,LUCAS_polygon,NA,
00000000000000000c73_0,Woodland,3,47523088,1513,-16123,12041,-10654,13940,1626,-15339,2517,-9435,2047,LUCAS_polygon,NA,
00000000000000000d3f_0,Woodland,3,47703182,1377,-15101,2271,-10969,2375,1637,-13612,3668,-8313,2271,LUCAS_polygon,NA,
00000000000000000d8c_0,Woodland,3,48703078,1524,-13866,2440,-9096,1838,1700,-13610,2257,-8008,2284,LUCAS_polygon,NA,
00000000000000000fd8_0,Woodland,3,47762990,1711,-13463,13100,-7869,15385,1832,-14155,2292,-7728,2041,LUCAS_polygon,NA,
00000000000000000ffe_0,Woodland,3,47823018,1927,-15225,2338,-7901,1913,1662,-14586,2278,-8776,2021,LUCAS_polygon,NA,
000000000000000010dc_0,Woodland,3,48122968,1816,-15518,2187,-8547,1846,1749,-15368,2605,-8786,2011,LUCAS_polygon,NA,
0000000000000000111b_0,Woodland,3,48443000,1615,-15247,2094,-9439,2164,1705,-15385,2083,-9025,2002,LUCAS_polygon,NA,
0000000000000000111c_0,Woodland,3,47423118,1562,-15092,2006,-9663,1687,1758,-12558,1847,-7144,2028,LUCAS_polygon,NA,
00000000000000001148_0,Woodland,3,47283150,1571,-14988,1999,-9541,2052,1413,-15014,8434,-10623,12879,LUCAS_polygon,NA,
00000000000000001282_0,Woodland,3,48843068,1571,-13101,2449,-8338,1708,1555,-14650,1883,-9421,1490,LUCAS_polygon,NA,
00000000000000001284_0,Woodland,3,48503124,1509,-16038,2173,-10627,1807,1561,-12711,2069,-8142,1695,LUCAS_polygon,NA,
00000000000000001289_0,Woodland,3,47682952,1566,-13573,2696,-8666,1812,1553,-16010,2214,-10306,2223,LUCAS_polygon,NA,
000000000000000012c9_0,Woodland,3,48662972,1577,-15908,2453,-10090,1820,1745,-14508,2499,-8313,1834,LUCAS_polygon,NA,
0000000000000000152b_0,Woodland,3,47882956,1660,-15057,2183,-9071,1795,1766,-13854,2257,-7847,2176,LUCAS_polygon,NA,
00000000000000001558_0,Woodland,3,48083144,1810,-13494,2061,-7455,1831,1663,-12814,2271,-7705,1897,LUCAS_polygon,NA,
00000000000000001607_0,Woodland,3,47563182,1523,-14298,14091,-9386,14489,1540,-14674,9822,-9526,11356,LUCAS_polygon,NA,
000000000000000016ab_0,Woodland,3,48343156,1626,-14074,2080,-8656,1890,1709,-14403,2239,-8426,1978,LUCAS_polygon,NA,
000000000000000016d1_0,Woodland,3,47443180,1517,-14014,2029,-9238,1638,1610,-12464,2907,-7740,1572,LUCAS_polygon,NA,
000000000000000016f9_0,Woodland,3,47463054,1620,-13692,2099,-8454,1991,1701,-13981,11097,-8221,11708,LUCAS_polygon,NA,
00000000000000001732_0,Woodland,3,48882994,1800,-12826,2174,-7127,1785,1665,-14384,9176,-8640,11362,LUCAS_polygon,NA,
00000000000000001737_0,Woodland,3,48682956,1668,-14441,2062,-8659,1856,1666,-13866,1756,-8323,1938,LUCAS_polygon,NA,
00000000000000001784_0,Woodland,3,48043036,2200,-12050,2353,-5478,2541,1624,-16275,2629,-10019,1620,LUCAS_polygon,NA,
000000000000000017ae_0,Woodland,3,48243034,1861,-15001,2490,-8062,2000,1821,-14960,2268,-8215,1960,LUCAS_polygon,NA,
00000000000000001802_0,Woodland,3,47982944,1541,-14626,1892,-9493,1847,1793,-12953,2230,-7224,1815,LUCAS_polygon,NA,
00000000000000001a22_0,Woodland,3,47943122,1686,-13920,2070,-8256,1988,1639,-14593,1932,-8906,1898,LUCAS_polygon,NA,
00000000000000001ab6_0,Woodland,3,47643070,2236,-11813,2340,-5284,1905,1680,-16419,2354,-9772,2084,LUCAS_polygon,NA,
00000000000000001ad2_0,Woodland,3,47642980,1842,-14960,2384,-8123,2097,1745,-15322,2679,-8780,2146,LUCAS_polygon,NA,
00000000000000001b09_0,Woodland,3,48383134,1909,-12175,2298,-6376,1850,1565,-15338,2171,-9802,2089,LUCAS_polygon,NA,
00000000000000001b0f_0,Woodland,3,48063038,1821,-14311,2695,-7859,1996,1827,-15095,2413,-8262,2165,LUCAS_polygon,NA,
00000000000000001c10_0,Woodland,3,48563130,1476,-14650,2296,-9925,1951,1713,-12919,2334,-7542,1951,LUCAS_polygon,NA,
00000000000000001c67_0,Woodland,3,47523082,1875,-12231,2486,-6522,2153,1889,-15270,2744,-8086,2031,LUCAS_polygon,NA,
000000000000000020c9_0,Woodland,3,48223000,2299,-11344,2286,-4935,1875,1515,-17555,2227,-11585,1815,LUCAS_polygon,NA,
0000000000000000210f_0,Woodland,3,47563102,1570,-12686,1806,-8079,2004,1557,-14497,2137,-9309,1982,LUCAS_polygon,NA,
0000000000000000215d_0,Woodland,3,47523074,1321,-21717,3052,-16439,1920,1391,-20220,3049,-14538,2452,LUCAS_polygon,NA,
0000000000000000215f_0,Woodland,3,48262982,1379,-20209,2970,-14656,1947,1906,-14093,2619,-7393,2235,LUCAS_polygon,NA,
000000000000000021df_0,Woodland,3,47822944,1757,-11640,2068,-6626,2138,1660,-13609,1937,-8198,1881,LUCAS_polygon,NA,
000000000000000021e6_0,Woodland,3,47643154,1626,-13260,13306,-8157,14915,1552,-14916,2518,-9613,1981,LUCAS_polygon,NA,
000000000000000022a3_0,Woodland,3,48083176,1565,-13537,2132,-8649,2044,1580,-14375,3478,-9101,1820,LUCAS_polygon,NA,
0000000000000000232c_0,Woodland,3,48003036,1531,-15647,13735,-10223,14238,1744,-12709,2377,-7286,1890,LUCAS_polygon,NA,
000000000000000024e3_0,Woodland,3,47543018,2032,-12447,2495,-6126,2205,1756,-14652,2231,-8344,2635,LUCAS_polygon,NA,
00000000000000002575_0,Woodland,3,48122946,1460,-19035,2691,-13037,2169,1707,-17051,3051,-9991,2396,LUCAS_polygon,NA,
00000000000000002606_0,Woodland,3,48663026,1753,-13137,1940,-7494,1904,1584,-14699,2100,-9278,1848,LUCAS_polygon,NA,
00000000000000002658_0,Woodland,3,48483022,1770,-14023,2107,-7924,2112,1722,-14814,2635,-8604,2124,LUCAS_polygon,NA,
00000000000000002679_0,Woodland,3,47382980,1833,-14861,2236,-8107,2139,1580,-17020,2158,-10771,1883,LUCAS_polygon,NA,
000000000000000026a0_0,Woodland,3,48683132,1613,-14536,2325,-9013,2221,1582,-12836,6888,-8114,14888,LUCAS_polygon,NA,
000000000000000026b2_0,Woodland,3,48503154,1554,-16468,2366,-10596,1996,1939,-12023,2186,-6199,2040,LUCAS_polygon,NA,
000000000000000028be_0,Woodland,3,47722952,1821,-12414,2166,-6817,2257,1565,-14671,1859,-9376,1913,LUCAS_polygon,NA,
00000000000000002baa_0,Woodland,3,48083004,1659,-15595,12226,-9402,14197,1672,-16378,3008,-9796,2266,LUCAS_polygon,NA,
00000000000000002bd2_0,Woodland,3,48103154,1708,-13656,2444,-7996,2127,1610,-15962,2455,-9912,2058,LUCAS_polygon,NA,
00000000000000002c3e_0,Woodland,3,47802958,1645,-14952,2496,-9091,2230,1688,-15295,2332,-9063,2091,LUCAS_polygon,NA,
00000000000000002e05_0,Woodland,3,47803012,1928,-13404,2150,-6951,2102,1643,-16468,2416,-10025,2274,LUCAS_polygon,NA,
00000000000000002e27_0,Woodland,3,48743152,1555,-13890,2220,-8932,1749,1687,-14826,2669,-8788,2328,LUCAS_polygon,NA,
00000000000000002e29_0,Woodland,3,47443174,1804,-13085,1781,-7253,2014,1747,-14266,2372,-8165,1987,LUCAS_polygon,NA,
00000000000000002e71_0,Woodland,3,48563128,1492,-15912,2453,-10668,1896,1591,-16462,2432,-10346,2111,LUCAS_polygon,NA,
00000000000000002ea5_0,Woodland,3,48303040,1817,-14154,2236,-7788,2200,1895,-13914,2207,-7344,2392,LUCAS_polygon,NA,
00000000000000002ed3_0,Woodland,3,48263126,1640,-14663,2013,-8941,1758,1702,-14331,2227,-8418,1881,LUCAS_polygon,NA,
00000000000000002f00_0,Woodland,3,48743116,1503,-13758,2195,-9155,2042,1586,-14552,2295,-9178,1910,LUCAS_polygon,NA,
00000000000000002f69_0,Woodland,3,48163174,1532,-14472,2065,-9450,1874,1518,-14089,3830,-9283,2148,LUCAS_polygon,NA,
00000000000000003308_0,Woodland,3,48762978,1667,-13724,2433,-8234,2051,1512,-12720,2330,-8411,2362,LUCAS_polygon,NA,
0000000000000000334c_0,Woodland,3,48182962,1584,-14920,2043,-9417,2132,1830,-13294,2255,-7265,2031,LUCAS_polygon,NA,
00000000000000003387_0,Woodland,3,47742980,1597,-15644,2317,-9797,1932,1660,-13396,2436,-8072,2115,LUCAS_polygon,NA,
0000000000000000339b_0,Woodland,3,48763072,1540,-14409,2386,-9358,2075,1511,-14190,2211,-9393,1654,LUCAS_polygon,NA,
000000000000000033d5_0,Woodland,3,47623016,1600,-14370,1930,-8984,1933,1556,-15608,2314,-10031,2220,LUCAS_polygon,NA,
00000000000000003431_0,Woodland,3,47203160,1516,-13165,1987,-8683,1675,1497,-14114,2197,-9431,2025,LUCAS_polygon,NA,
000000000000000034a1_0,Woodland,3,48063010,1775,-13070,12561,-7363,15168,1956,-11837,2137,-6053,1872,LUCAS_polygon,NA,
00000000000000003565_0,Woodland,3,48703002,1683,-13522,2076,-8033,2084,1646,-14732,2071,-8952,1742,LUCAS_polygon,NA,
0000000000000000357d_0,Woodland,3,48383026,1760,-14751,2333,-8383,2153,1687,-15528,2478,-9203,2148,LUCAS_polygon,NA,
00000000000000003585_0,Woodland,3,47743156,1633,-14336,2201,-8780,1953,1434,-16262,2692,-11343,2294,LUCAS_polygon,NA,
000000000000000035c9_0,Woodland,3,47562984,1984,-13801,2046,-6956,2952,3027,-13765,2274,-4548,4997,LUCAS_polygon,NA,
000000000000000037e1_0,Woodland,3,48443112,1450,-17377,3354,-11980,2341,1791,-14292,2302,-7980,2260,LUCAS_polygon,NA,
0000000000000000385e_0,Woodland,3,47763058,1848,-16584,2660,-8975,1803,1768,-15171,2515,-8579,2247,LUCAS_polygon,NA,
00000000000000003895_0,Woodland,3,48682970,1830,-13897,2365,-7596,2003,1595,-15189,2972,-9521,2213,LUCAS_polygon,NA,
00000000000000003924_0,Woodland,3,48803078,1527,-14019,2049,-9181,1948,1711,-13924,2232,-8140,2210,LUCAS_polygon,NA,
00000000000000003952_0,Woodland,3,47283172,1559,-13335,2270,-8551,1936,1539,-15157,11640,-9846,13131,LUCAS_polygon,NA,
00000000000000003993_0,Woodland,3,47803182,1597,-13419,2068,-8403,1927,1656,-14682,3574,-8867,2127,LUCAS_polygon,NA,
00000000000000003996_0,Woodland,3,48222978,1597,-14483,2420,-9069,2075,1725,-13097,2441,-7590,2114,LUCAS_polygon,NA,
000000000000000039c5_0,Woodland,3,48703180,1447,-14600,2352,-10092,2012,1384,-14662,13003,-10596,14516,LUCAS_polygon,NA,
00000000000000003a58_0,Woodland,3,48723042,1628,-13652,2055,-8384,2147,1534,-14864,2452,-9690,2156,LUCAS_polygon,NA,
00000000000000003de9_0,Woodland,3,48563124,1587,-12868,1978,-8109,1997,1537,-14145,2142,-9203,2189,LUCAS_polygon,NA,
00000000000000003efe_0,Woodland,3,48302950,1496,-15058,2125,-10064,1894,1523,-15004,2268,-9851,2162,LUCAS_polygon,NA,
00000000000000003f79_0,Woodland,3,48142992,1583,-16877,11059,-10659,13261,1830,-14536,2433,-7943,2264,LUCAS_polygon,NA,
00000000000000004390_0,Woodland,3,48622970,1665,-13077,2439,-7853,2110,1711,-13649,1918,-7977,2031,LUCAS_polygon,NA,
000000000000000043ae_0,Woodland,3,48303044,1635,-14620,2263,-8940,2206,1681,-14161,2111,-8422,1941,LUCAS_polygon,NA,
00000000000000004419_0,Woodland,3,48283046,1685,-13722,2292,-8146,2038,1804,-13607,2179,-7542,1780,LUCAS_polygon,NA,
00000000000000004427_0,Woodland,3,47522954,1698,-15391,2485,-9066,2085,1690,-15066,2382,-8914,2001,LUCAS_polygon,NA,
0000000000000000446a_0,Woodland,3,48283174,1588,-14314,2072,-9012,2013,1502,-13186,2350,-8777,2005,LUCAS_polygon,NA,
000000000000000044ab_0,Woodland,3,48663166,1720,-13428,2313,-7809,2021,1535,-14040,2395,-9147,2079,LUCAS_polygon,NA,
00000000000000004807_0,Woodland,3,48423154,1476,-13974,2268,-9465,1944,1466,-14519,2489,-9906,2194,LUCAS_polygon,NA,
0000000000000000481d_0,Woodland,3,47842986,1703,-14688,2595,-8624,2104,1874,-14713,2253,-7850,1928,LUCAS_polygon,NA,
000000000000000048b2_0,Woodland,3,47563150,1501,-13009,2065,-8666,1908,1454,-14258,2119,-9803,1603,LUCAS_polygon,NA,
000000000000000048b3_0,Woodland,3,47323050,1551,-15345,2285,-9895,2100,1513,-16884,2272,-11162,1849,LUCAS_polygon,NA,
000000000000000048b4_0,Woodland,3,48082960,1558,-14591,2220,-9365,2161,1681,-14026,2386,-8343,1998,LUCAS_polygon,NA,
000000000000000048df_0,Woodland,3,47383056,1706,-14535,2236,-8520,1971,1543,-16716,2495,-10832,1827,LUCAS_polygon,NA,
000000000000000048e1_0,Woodland,3,48623014,1742,-13464,2120,-7728,1909,1797,-13903,2059,-7738,2147,LUCAS_polygon,NA,
0000000000000000490f_0,Woodland,3,48822962,1635,-13841,2194,-8463,1951,1717,-14183,2123,-8259,1857,LUCAS_polygon,NA,
0000000000000000494d_0,Woodland,3,48303032,1723,-14593,2575,-8469,2118,1668,-17338,2195,-10397,1956,LUCAS_polygon,NA,
0000000000000000c283_0,Woodland,3,48563016,1657,-13871,2303,-8373,2321,1601,-15420,6923,-9629,12998,LUCAS_polygon,NA,
0000000000000000c516_0,Woodland,3,47622954,1539,-15625,2097,-10156,1651,1651,-14994,2406,-9084,2227,LUCAS_polygon,NA,
0000000000000000c538_0,Woodland,3,47362952,1668,-15701,2052,-9412,1911,1728,-15538,1878,-8990,2004,LUCAS_polygon,NA,
0000000000000000c53f_0,Woodland,3,47503050,1631,-15653,3602,-9595,2015,1639,-15079,2036,-9201,2040,LUCAS_polygon,NA,
0000000000000000c601_0,Woodland,3,47283082,1834,-14947,2213,-8148,1918,1819,-14987,2243,-8240,2071,LUCAS_polygon,NA,
0000000000000000c612_0,Woodland,3,48782990,1686,-14274,2351,-8467,2077,1832,-13478,1962,-7355,1801,LUCAS_polygon,NA,
0000000000000000ca08_0,Woodland,3,48503118,1519,-13446,2280,-8854,1921,1481,-14582,2339,-9847,1818,LUCAS_polygon,NA,
0000000000000000ca44_0,Woodland,3,47443106,1655,-14902,2236,-9007,2343,1681,-14963,2267,-8900,2482,LUCAS_polygon,NA,
0000000000000000ca6a_0,Woodland,3,48643010,1844,-13480,2275,-7309,2207,1535,-15624,2098,-10181,2035,LUCAS_polygon,NA,
0000000000000000caa8_0,Woodland,3,48463160,1574,-13337,2339,-8471,2171,1652,-13266,2081,-8030,1948,LUCAS_polygon,NA,
0000000000000000cab4_0,Woodland,3,48383004,1624,-15358,2927,-9456,2364,1803,-13867,2133,-7690,2222,LUCAS_polygon,NA,
0000000000000000cb42_0,Woodland,3,48762960,1757,-14239,2093,-8102,1946,1787,-13581,2175,-7601,1496,LUCAS_polygon,NA,
0000000000000000cb43_0,Woodland,3,48363160,1549,-14028,2239,-9055,2038,1412,-15220,2133,-10783,2116,LUCAS_polygon,NA,
0000000000000000cbbb_0,Woodland,3,48502974,1640,-14768,2236,-9004,2133,1656,-15084,11072,-9108,12264,LUCAS_polygon,NA,
0000000000000000cc87_0,Woodland,3,48663036,1740,-13513,2005,-7765,1935,1545,-14060,2104,-9100,1959,LUCAS_polygon,NA,
0000000000000000cca5_0,Woodland,3,47663040,1585,-14825,13912,-9352,14465,1779,-13534,1960,-7608,2127,LUCAS_polygon,NA,
0000000000000000cd04_0,Woodland,3,47882984,1533,-15606,2420,-10180,1893,1651,-14934,2319,-9044,2300,LUCAS_polygon,NA,
0000000000000000cea1_0,Woodland,3,48123032,2074,-13028,2284,-6282,1849,1756,-15091,2627,-8594,1974,LUCAS_polygon,NA,
0000000000000000cef9_0,Woodland,3,48743120,1554,-14034,2050,-9029,1846,1483,-14089,2625,-9503,1868,LUCAS_polygon,NA,
0000000000000000cf5d_0,Woodland,3,48242972,1644,-14525,2206,-8835,1985,1674,-15650,2227,-9348,1983,LUCAS_polygon,NA,
0000000000000000cf8d_0,Woodland,3,47803034,1899,-13444,1937,-7079,2372,1748,-14706,2130,-8413,2051,LUCAS_polygon,NA,
0000000000000000d065_0,Woodland,3,47543042,1596,-14175,2204,-8880,2037,1700,-13534,1983,-7963,1879,LUCAS_polygon,NA,
0000000000000000d1c7_0,Woodland,3,48463150,1537,-13707,2257,-8917,2025,1712,-13399,2153,-7828,1990,LUCAS_polygon,NA,
0000000000000000d31a_0,Woodland,3,48803108,1431,-15075,2061,-10533,1958,1575,-13959,2153,-8864,1866,LUCAS_polygon,NA,
0000000000000000d36d_0,Woodland,3,48643078,1564,-13324,2249,-8518,2041,1527,-13148,5117,-8611,11361,LUCAS_polygon,NA,
0000000000000000d3b4_0,Woodland,3,47722942,1598,-14180,2017,-8874,2148,1782,-12989,2327,-7288,2027,LUCAS_polygon,NA,
0000000000000000d3e7_0,Woodland,3,48163016,1634,-17515,2352,-10721,2073,1751,-13412,2717,-7659,1890,LUCAS_polygon,NA,
0000000000000000d52d_0,Woodland,3,47402972,1676,-15216,2526,-9081,2166,1694,-15825,9770,-9344,11233,LUCAS_polygon,NA,
0000000000000000d550_0,Woodland,3,48122982,1676,-14958,2542,-8927,1739,1692,-15161,2232,-8962,2146,LUCAS_polygon,NA,
0000000000000000d603_0,Woodland,3,47803160,1602,-13831,2308,-8632,2170,1534,-14445,2431,-9417,1883,LUCAS_polygon,NA,
0000000000000000d763_0,Woodland,3,48522988,1649,-14313,2283,-8681,2335,1579,-15928,10277,-10088,12389,LUCAS_polygon,NA,
0000000000000000d957_0,Woodland,3,47583176,1533,-14304,14023,-9330,14372,1385,-15289,2242,-11037,1779,LUCAS_polygon,NA,
0000000000000000d9fd_0,Woodland,3,48783074,1643,-13111,2383,-7980,2162,1370,-15582,1910,-11372,2017,LUCAS_polygon,NA,
0000000000000000da33_0,Woodland,3,47943158,1478,-15013,1906,-10155,2076,1702,-12904,2547,-7583,2025,LUCAS_polygon,NA,
0000000000000000dafa_0,Woodland,3,48203016,1686,-14026,2773,-8321,2038,1584,-16186,2751,-10217,2224,LUCAS_polygon,NA,
0000000000000000dc60_0,Woodland,3,47303170,1477,-15105,2313,-10228,2280,1544,-16191,9876,-10485,12877,LUCAS_polygon,NA,
0000000000000000ddda_0,Woodland,3,47583104,1604,-13929,2156,-8682,1710,1544,-14659,2211,-9497,1785,LUCAS_polygon,NA,
0000000000000000de34_0,Woodland,3,47723094,1703,-12390,2166,-7276,2251,1920,-11467,2467,-5973,2033,LUCAS_polygon,NA,
0000000000000000de35_0,Woodland,3,47503018,1522,-14899,2339,-9792,2280,1454,-17308,2654,-11904,2067,LUCAS_polygon,NA,
0000000000000000df11_0,Woodland,3,47243150,1678,-12907,1953,-7692,1645,1496,-13649,11321,-9122,12823,LUCAS_polygon,NA,
0000000000000000e107_0,Woodland,3,48283084,1565,-15088,2166,-9644,1769,1573,-15347,2078,-9757,1795,LUCAS_polygon,NA,
0000000000000000e2b8_0,Woodland,3,48523042,1758,-13482,2120,-7668,2141,1868,-12425,2121,-6653,2454,LUCAS_polygon,NA,
0000000000000000e2f6_0,Woodland,3,48782998,1565,-15126,2262,-9664,1957,1638,-14471,2538,-8835,2249,LUCAS_polygon,NA,
0000000000000000e2fa_0,Woodland,3,48902964,1716,-12499,2098,-7285,2085,1617,-14112,2438,-8727,1935,LUCAS_polygon,NA,
0000000000000000e307_0,Woodland,3,47902970,1586,-16771,2090,-10573,1423,1688,-12789,2297,-7576,1977,LUCAS_polygon,NA,
0000000000000000e30c_0,Woodland,3,48683190,1489,-14184,2186,-9527,2024,1573,-15132,4699,-9621,5089,LUCAS_polygon,NA,
0000000000000000e3db_0,Woodland,3,47763080,1878,-14503,2288,-7722,2182,1841,-16344,2531,-8876,2299,LUCAS_polygon,NA,
0000000000000000e413_0,Woodland,3,47823082,2074,-13710,2325,-6611,1952,1567,-15532,2207,-9913,2110,LUCAS_polygon,NA,
0000000000000000e476_0,Woodland,3,48043180,1707,-13713,1984,-8034,1929,1516,-13883,3729,-9156,2072,LUCAS_polygon,NA,
0000000000000000e47d_0,Woodland,3,47663058,1758,-14860,2763,-8454,2346,1617,-17042,3016,-10539,2354,LUCAS_polygon,NA,
0000000000000000e4d0_0,Woodland,3,48463196,1452,-15418,2269,-10615,1903,1460,-15879,4529,-10873,4992,LUCAS_polygon,NA,
0000000000000000e595_0,Woodland,3,48702990,1621,-14099,1952,-8697,2027,1495,-14165,2240,-9472,2009,LUCAS_polygon,NA,
0000000000000000e862_0,Woodland,3,48523124,1514,-16507,2094,-10904,1833,1774,-12366,2019,-6970,1786,LUCAS_polygon,NA,
0000000000000000e950_0,Woodland,3,47583018,1509,-13686,1982,-9067,1785,1592,-14195,2240,-8914,2092,LUCAS_polygon,NA,
0000000000000000e977_0,Woodland,3,48503178,1517,-14513,2022,-9570,2060,1448,-13880,3852,-9585,3967,LUCAS_polygon,NA,
0000000000000000e9cc_0,Woodland,3,48922954,1863,-12727,2503,-6831,2238,1793,-14939,2298,-8333,2469,LUCAS_polygon,NA,
0000000000000000ebb3_0,Woodland,3,48162962,1623,-15123,1887,-9317,1971,1630,-13291,1982,-8155,1999,LUCAS_polygon,NA,
0000000000000000ec7d_0,Woodland,3,48162966,1931,-14155,2060,-7330,2039,1735,-16098,2518,-9277,1896,LUCAS_polygon,NA,
0000000000000000ec90_0,Woodland,3,48142980,1635,-15771,7576,-9644,11556,1717,-14447,2099,-8414,2131,LUCAS_polygon,NA,
0000000000000000ed2a_0,Woodland,3,48523170,1550,-12400,2082,-8000,1988,1578,-14948,2037,-9470,1843,LUCAS_polygon,NA,
0000000000000000ee00_0,Woodland,3,48203088,1735,-14671,2058,-8456,2037,1820,-12778,2443,-7023,1776,LUCAS_polygon,NA,
0000000000000000ee9d_0,Woodland,3,48362980,1886,-12761,2194,-6767,1853,1642,-14420,2380,-8780,2170,LUCAS_polygon,NA,
0000000000000000eea7_0,Woodland,3,48603172,1506,-14176,2026,-9414,2122,1490,-14583,3707,-9789,2444,LUCAS_polygon,NA,
0000000000000000f14f_0,Woodland,3,48222996,1673,-14713,2560,-8794,2110,1803,-14158,1888,-7852,2005,LUCAS_polygon,NA,
0000000000000000f26b_0,Woodland,3,48743166,1461,-13996,2240,-9582,1911,1527,-14937,2314,-9779,1934,LUCAS_polygon,NA,
0000000000000000f283_0,Woodland,3,47783042,1632,-14699,2578,-9008,1925,1694,-15591,2465,-9203,2209,LUCAS_polygon,NA,
0000000000000000f2ee_0,Woodland,3,47263170,1439,-16756,1956,-11642,2125,1459,-18345,2943,-12576,2764,LUCAS_polygon,NA,
0000000000000000f350_0,Woodland,3,47243172,1486,-13785,2210,-9276,1772,1472,-15410,2159,-10470,2021,LUCAS_polygon,NA,
0000000000000000f38c_0,Woodland,3,48323196,1520,-14269,2300,-9388,2121,1536,-14872,4500,-9684,5026,LUCAS_polygon,NA,
0000000000000000f530_0,Woodland,3,47862996,1719,-11916,2158,-6933,1941,1720,-14022,2268,-8153,1898,LUCAS_polygon,NA,
0000000000000000f6f5_0,Woodland,3,48743074,1541,-14116,2187,-9161,1892,1539,-13476,2241,-8757,1955,LUCAS_polygon,NA,
0000000000000000f715_0,Woodland,3,48263054,1578,-13231,1863,-8384,1941,1616,-15788,2276,-9771,1925,LUCAS_polygon,NA,
0000000000000000f738_0,Woodland,3,48282984,1658,-13436,2194,-8101,2051,1627,-14613,2268,-8980,1982,LUCAS_polygon,NA,
0000000000000000f7e4_0,Woodland,3,47323168,1408,-13717,2080,-9745,2083,1564,-14116,7253,-9024,9727,LUCAS_polygon,NA,
0000000000000000f84e_0,Woodland,3,47542978,1607,-16965,2468,-10560,1973,1755,-16367,2553,-9323,2055,LUCAS_polygon,NA,
0000000000000000f866_0,Woodland,3,48503028,1799,-12345,2403,-6861,2175,1859,-12465,2442,-6706,2084,LUCAS_polygon,NA,
0000000000000000fbd4_0,Woodland,3,48322956,1595,-14055,2482,-8812,2329,1565,-13920,2469,-8893,2215,LUCAS_polygon,NA,
0000000000000000fc76_0,Woodland,3,48423136,1528,-13875,1888,-9083,1830,1517,-13988,2619,-9221,1980,LUCAS_polygon,NA,
0000000000000000fd90_0,Woodland,3,47663102,1589,-13321,1934,-8385,1609,1687,-13026,2319,-7721,2030,LUCAS_polygon,NA,
0000000000000000ffd6_0,Woodland,3,47403022,1574,-15147,2288,-9623,1915,1740,-15784,2658,-9074,2038,LUCAS_polygon,NA,
0000000000000001003e_0,Woodland,3,48623130,1393,-14882,2280,-10686,1891,1511,-13779,2303,-9119,1842,LUCAS_polygon,NA,
000000000000000100bd_0,Woodland,3,48563004,1792,-13494,2418,-7529,1983,1634,-16120,10127,-9866,11243,LUCAS_polygon,NA,
000000000000000100e7_0,Woodland,3,48022968,1951,-12893,2223,-6607,2163,1622,-14644,2413,-9027,2033,LUCAS_polygon,NA,
000000000000000100ed_0,Woodland,3,48862998,1650,-12497,2077,-7576,1870,1546,-14766,2156,-9549,1968,LUCAS_polygon,NA,
000000000000000100ff_0,Woodland,3,48243146,1633,-14338,2433,-8782,2052,1708,-14043,2160,-8220,2138,LUCAS_polygon,NA,
0000000000000001011b_0,Woodland,3,47423132,1999,-14130,13356,-7067,15674,1659,-13200,2374,-7958,1577,LUCAS_polygon,NA,
0000000000000001015c_0,Woodland,3,47363176,1522,-13593,2307,-8930,1659,1672,-13818,2246,-8263,2005,LUCAS_polygon,NA,
000000000000000101c8_0,Woodland,3,48583186,1497,-14366,2179,-9596,2024,1468,-14922,4717,-10162,4993,LUCAS_polygon,NA,
0000000000000001024d_0,Woodland,3,48002946,1576,-13742,2316,-8717,1779,1822,-14048,2091,-7710,1854,LUCAS_polygon,NA,
00000000000000010466_0,Woodland,3,47343188,1825,-13146,1951,-7205,1619,1817,-13761,6692,-7574,13694,LUCAS_polygon,NA,
000000000000000104b1_0,Woodland,3,48763122,1413,-17140,2396,-12127,1822,1554,-14510,1926,-9335,1871,LUCAS_polygon,NA,
00000000000000010506_0,Woodland,3,48743106,1521,-13730,2112,-9030,1878,1570,-14481,2317,-9225,1646,LUCAS_polygon,NA,
000000000000000105bc_0,Woodland,3,47542942,1679,-15465,2500,-9213,2139,1920,-14560,2463,-7582,2222,LUCAS_polygon,NA,
000000000000000105c9_0,Woodland,3,48522998,1781,-15339,2585,-8615,2089,1612,-16684,10883,-10350,12381,LUCAS_polygon,NA,
000000000000000105ca_0,Woodland,3,48603164,1488,-14501,2410,-9743,2017,1529,-12641,2653,-8266,2021,LUCAS_polygon,NA,
00000000000000010746_0,Woodland,3,48962956,1699,-16070,2180,-9457,2005,1795,-13364,2061,-7447,1799,LUCAS_polygon,NA,
00000000000000010778_0,Woodland,3,47703188,1565,-12765,2063,-8158,2114,1507,-13363,3565,-8867,3798,LUCAS_polygon,NA,
00000000000000010794_0,Woodland,3,47703016,1516,-17584,12228,-11597,13823,1977,-12077,2122,-6109,2329,LUCAS_polygon,NA,
00000000000000010a2c_0,Woodland,3,48423002,1804,-14083,2581,-7808,1984,1803,-13349,2091,-7402,1973,LUCAS_polygon,NA,
00000000000000010a46_0,Woodland,3,47583014,1672,-12534,2203,-7496,2191,1442,-16158,2560,-11202,1906,LUCAS_polygon,NA,
00000000000000010a7a_0,Woodland,3,47663056,1727,-15018,1957,-8695,2295,1705,-14847,2159,-8709,1989,LUCAS_polygon,NA,
00000000000000010a8d_0,Woodland,3,47762954,1805,-12627,2348,-6994,1989,1643,-16151,2493,-9828,1761,LUCAS_polygon,NA,
00000000000000010b26_0,Woodland,3,48263022,1850,-13712,2073,-7411,1958,1981,-13494,2515,-6813,2174,LUCAS_polygon,NA,
00000000000000010b4b_0,Woodland,3,48263042,1647,-17039,2386,-10343,2097,1742,-13450,2359,-7721,1974,LUCAS_polygon,NA,
00000000000000010b65_0,Woodland,3,48203178,1502,-13704,2124,-9126,2153,1521,-14579,3762,-9588,1999,LUCAS_polygon,NA,
00000000000000010bf5_0,Woodland,3,48703186,1528,-13146,2172,-8602,2237,1635,-14410,14038,-8813,15225,LUCAS_polygon,NA,
00000000000000010cf9_0,Woodland,3,47343064,1681,-13168,4448,-7835,4118,1653,-15551,2432,-9409,1892,LUCAS_polygon,NA,
00000000000000011097_0,Woodland,3,48523006,2019,-12469,2100,-6177,2118,1673,-15727,10706,-9398,12059,LUCAS_polygon,NA,
000000000000000110e3_0,Woodland,3,47623182,1546,-13892,2154,-8987,2207,1556,-15399,3808,-9898,4113,LUCAS_polygon,NA,
000000000000000110ed_0,Woodland,3,47203174,1620,-13797,1992,-8519,1817,1555,-14565,2131,-9367,2232,LUCAS_polygon,NA,
0000000000000001147b_0,Woodland,3,47303106,1665,-13207,1974,-7932,2113,1518,-15987,2193,-10533,1512,LUCAS_polygon,NA,
000000000000000115ca_0,Woodland,3,48803104,1544,-13598,2022,-8808,1852,1459,-14773,1940,-10126,1831,LUCAS_polygon,NA,
00000000000000003129_0,Shrubland,4,48163056,1641,-15221,2665,-9277,2090,1455,-16959,2486,-11653,1949,LUCAS_polygon,NA,
0000000000000000c290_0,Shrubland,4,48703024,1518,-15939,2376,-10502,2033,1487,-18031,2314,-12129,2173,LUCAS_polygon,NA,
000000000000000002f6_0,Grassland,5,47583072,1529,-21892,10434,-14321,13240,1517,-20741,3127,-13672,2121,LUCAS_polygon,NA,
0000000000000000046b_0,Grassland,5,47763076,1489,-19791,3463,-13292,2372,1389,-20535,3424,-14783,2528,LUCAS_polygon,NA,
0000000000000000050a_0,Grassland,5,48443176,1435,-16962,2688,-11820,2210,1441,-16431,3707,-11401,3786,LUCAS_polygon,NA,
00000000000000000889_0,Grassland,5,48043014,1718,-23539,7823,-13699,11269,1619,-20817,4175,-12860,2499,LUCAS_polygon,NA,
00000000000000000981_0,Grassland,5,48423110,1520,-20171,2694,-13269,2468,1367,-17821,3145,-13034,2050,LUCAS_polygon,NA,
00000000000000000b0c_0,Grassland,5,47403086,1556,-20304,3988,-13047,2750,1656,-19886,3003,-12009,2698,LUCAS_polygon,NA,
00000000000000000bdf_0,Grassland,5,48022962,1613,-20275,2369,-12574,2608,1532,-20938,3006,-13664,2047,LUCAS_polygon,NA,
00000000000000000c69_0,Grassland,5,47522966,1595,-19858,3609,-12453,2270,1539,-19307,3219,-12546,2412,LUCAS_polygon,NA,
00000000000000000d83_0,Grassland,5,48082952,1540,-21299,3740,-13833,2613,1521,-21149,3894,-13901,1944,LUCAS_polygon,NA,
00000000000000000fb5_0,Grassland,5,48363046,1635,-17832,2278,-10905,1699,1579,-19285,2553,-12215,1899,LUCAS_polygon,NA,
0000000000000000105f_0,Grassland,5,47842998,1490,-20442,2843,-13717,2323,1472,-21920,3752,-14887,2388,LUCAS_polygon,NA,
000000000000000013ae_0,Grassland,5,48343070,1544,-19804,3000,-12826,2202,1494,-20017,2942,-13395,2167,LUCAS_polygon,NA,
000000000000000015ad_0,Grassland,5,47763086,1552,-21459,2424,-13826,2541,1370,-20791,3553,-15181,2699,LUCAS_polygon,NA,
000000000000000016dc_0,Grassland,5,47623012,1585,-20578,3929,-12986,2894,1576,-22141,4815,-14047,2641,LUCAS_polygon,NA,
000000000000000018a6_0,Grassland,5,48342954,1749,-20191,3805,-11546,2456,1811,-18833,3169,-10400,2248,LUCAS_polygon,NA,
000000000000000018b6_0,Grassland,5,47762942,1494,-19328,4186,-12937,2297,1526,-21304,2926,-13965,2310,LUCAS_polygon,NA,
000000000000000018f5_0,Grassland,5,47623070,1750,-19376,3517,-11070,2520,1439,-19205,2933,-13347,2289,LUCAS_polygon,NA,
00000000000000001af5_0,Grassland,5,47663076,1645,-19676,2935,-11964,2141,1512,-20566,3220,-13604,2518,LUCAS_polygon,NA,
00000000000000001bc1_0,Grassland,5,48263018,1565,-21120,3260,-13496,2288,1442,-19562,4107,-13563,2636,LUCAS_polygon,NA,
00000000000000001c80_0,Grassland,5,48483018,1546,-20546,3600,-13291,2235,1637,-21142,3557,-12914,2215,LUCAS_polygon,NA,
00000000000000001d51_0,Grassland,5,48163008,1658,-18691,2745,-11274,2306,1656,-18534,2879,-11195,2077,LUCAS_polygon,NA,
00000000000000001d68_0,Grassland,5,48882998,1613,-16237,2080,-10065,1820,1511,-16868,10041,-11160,10733,LUCAS_polygon,NA,
00000000000000001d85_0,Grassland,5,48343132,1503,-21390,4557,-14228,2316,1431,-21563,4086,-15070,2639,LUCAS_polygon,NA,
00000000000000001dc0_0,Grassland,5,47723076,1829,-16466,3222,-9004,2195,1439,-20828,3075,-14473,2066,LUCAS_polygon,NA,
00000000000000001e1b_0,Grassland,5,48223186,1469,-19843,3267,-13504,2199,1577,-21092,5278,-13376,4791,LUCAS_polygon,NA,
00000000000000002015_0,Grassland,5,48682992,1467,-21182,4084,-14434,2215,1648,-21561,2668,-13083,2543,LUCAS_polygon,NA,
0000000000000000222f_0,Grassland,5,47542970,1530,-17037,2364,-11132,2041,1417,-20657,2831,-14576,2260,LUCAS_polygon,NA,
000000000000000023a7_0,Grassland,5,47402960,1576,-21049,3496,-13357,2402,1593,-21800,8849,-13683,10380,LUCAS_polygon,NA,
0000000000000000273a_0,Grassland,5,48482978,2042,-19499,3726,-9551,3820,1573,-18907,3132,-12017,2374,LUCAS_polygon,NA,
00000000000000002993_0,Grassland,5,47762968,1572,-19658,3753,-12506,2315,1529,-19849,3059,-12981,1999,LUCAS_polygon,NA,
00000000000000002b65_0,Grassland,5,47482994,1572,-16729,2542,-10642,2156,1510,-17721,2768,-11738,2242,LUCAS_polygon,NA,
00000000000000002cdd_0,Grassland,5,48183180,1631,-17016,2409,-10430,1942,2181,-18366,3688,-8420,2861,LUCAS_polygon,NA,
00000000000000002de1_0,Grassland,5,48902970,1464,-18146,2646,-12399,2120,1516,-18094,2594,-11939,1804,LUCAS_polygon,NA,
00000000000000002e5f_0,Grassland,5,47403080,1475,-20549,3028,-13932,2286,1477,-22237,4385,-15053,2526,LUCAS_polygon,NA,
000000000000000031f8_0,Grassland,5,47683042,1654,-18957,2541,-11464,2102,1455,-22231,3622,-15284,1986,LUCAS_polygon,NA,
000000000000000032e8_0,Grassland,5,48123162,1488,-18380,3415,-12352,2517,1546,-18821,3376,-12171,2366,LUCAS_polygon,NA,
000000000000000033be_0,Grassland,5,48703160,1430,-19052,4309,-13321,2816,1486,-20139,8669,-13548,13059,LUCAS_polygon,NA,
0000000000000000357b_0,Grassland,5,47642952,1498,-21597,4314,-14419,2448,1520,-21817,3776,-14349,2842,LUCAS_polygon,NA,
000000000000000035ca_0,Grassland,5,47682978,1717,-15966,2486,-9298,1904,1647,-17734,2507,-10764,2080,LUCAS_polygon,NA,
000000000000000035dc_0,Grassland,5,48163178,1520,-19620,2827,-12904,2247,1564,-20112,3934,-12859,3571,LUCAS_polygon,NA,
000000000000000035e2_0,Grassland,5,47863140,1605,-16340,2217,-10180,1793,1506,-16139,2492,-10716,1826,LUCAS_polygon,NA,
000000000000000038ae_0,Grassland,5,47323072,1480,-21431,3784,-14476,2098,1566,-20252,2689,-12929,2287,LUCAS_polygon,NA,
00000000000000003ade_0,Grassland,5,47663182,1660,-21744,2600,-13100,2325,1363,-20918,3593,-15352,3503,LUCAS_polygon,NA,
00000000000000003be7_0,Grassland,5,47643036,1551,-21890,8650,-14114,9208,1611,-21231,4481,-13179,3130,LUCAS_polygon,NA,
00000000000000003c9c_0,Grassland,5,47903018,1613,-21199,2807,-13142,1852,1571,-19212,2942,-12229,2411,LUCAS_polygon,NA,
00000000000000003ede_0,Grassland,5,47943008,1602,-17221,2499,-10753,2293,1607,-20722,3348,-12894,2208,LUCAS_polygon,NA,
00000000000000004045_0,Grassland,5,48823074,1552,-17794,3484,-11468,2172,1519,-18387,3545,-12103,2332,LUCAS_polygon,NA,
0000000000000000415b_0,Grassland,5,47963052,1422,-20409,10493,-14356,12258,1470,-20695,2606,-14078,2152,LUCAS_polygon,NA,
00000000000000004170_0,Grassland,5,48723162,1538,-18736,3574,-12184,2724,1467,-19609,5287,-13364,10550,LUCAS_polygon,NA,
0000000000000000421f_0,Grassland,5,47663052,1431,-18878,2458,-13195,2158,1614,-18942,2972,-11739,2173,LUCAS_polygon,NA,
0000000000000000435c_0,Grassland,5,48643096,1475,-19698,3050,-13355,2704,1469,-20892,5756,-14218,13286,LUCAS_polygon,NA,
000000000000000044f4_0,Grassland,5,47643054,1482,-19715,2982,-13300,2235,1504,-19125,2550,-12720,1823,LUCAS_polygon,NA,
0000000000000000467c_0,Grassland,5,48603136,1584,-18731,3670,-11822,2355,1668,-18957,3436,-11365,1941,LUCAS_polygon,NA,
0000000000000000c235_0,Grassland,5,48023112,1687,-18834,4133,-11165,2814,1635,-20290,3224,-12413,2409,LUCAS_polygon,NA,
0000000000000000c24d_0,Grassland,5,48163062,1562,-16772,2455,-10740,2051,1511,-17719,2603,-11725,2052,LUCAS_polygon,NA,
0000000000000000c2aa_0,Grassland,5,47743132,1511,-16773,2462,-11100,2241,1560,-19066,2701,-12219,2295,LUCAS_polygon,NA,
0000000000000000c35b_0,Grassland,5,48742972,1563,-18913,2598,-12100,1810,1495,-18745,2089,-12540,2276,LUCAS_polygon,NA,
0000000000000000c3d1_0,Grassland,5,47463090,1457,-18698,2926,-12831,2153,1443,-18943,3499,-13125,2497,LUCAS_polygon,NA,
0000000000000000c46f_0,Grassland,5,47483156,1568,-14736,2120,-9395,1908,1485,-15804,2472,-10641,2454,LUCAS_polygon,NA,
0000000000000000c517_0,Grassland,5,47863018,1584,-20513,4136,-12948,1941,1571,-20855,2925,-13279,2065,LUCAS_polygon,NA,
0000000000000000c519_0,Grassland,5,48003018,1633,-20675,4003,-12665,2259,1600,-22352,2847,-13968,2680,LUCAS_polygon,NA,
0000000000000000c66a_0,Grassland,5,47463124,1506,-18629,12842,-12367,13839,1650,-17930,2669,-10864,2004,LUCAS_polygon,NA,
0000000000000000c9b8_0,Grassland,5,47863006,1529,-19868,2784,-12998,1974,1566,-20482,3021,-13075,2402,LUCAS_polygon,NA,
0000000000000000ca58_0,Grassland,5,47902950,1640,-20232,3657,-12333,2360,1581,-21603,3268,-13665,2453,LUCAS_polygon,NA,
0000000000000000cc0c_0,Grassland,5,48443040,1779,-15017,2559,-8440,2512,1792,-14463,2121,-8069,1972,LUCAS_polygon,NA,
0000000000000000ccc1_0,Grassland,5,47663044,1479,-21662,3540,-14643,2321,1575,-21344,3716,-13556,2620,LUCAS_polygon,NA,
0000000000000000cce9_0,Grassland,5,47382938,1619,-20776,3646,-12833,1948,1505,-21341,8334,-14177,9898,LUCAS_polygon,NA,
0000000000000000cdd9_0,Grassland,5,47303174,1379,-19677,2844,-14271,2366,1475,-20518,9809,-13912,11843,LUCAS_polygon,NA,
0000000000000000cdda_0,Grassland,5,47563082,1475,-21340,11754,-14463,13400,1447,-20137,3834,-13920,2387,LUCAS_polygon,NA,
0000000000000000cfbb_0,Grassland,5,48182970,1570,-19529,6894,-12435,10490,1562,-19367,3255,-12402,2238,LUCAS_polygon,NA,
0000000000000000d016_0,Grassland,5,47722960,1571,-17907,3058,-11401,2280,1502,-21906,3529,-14584,2265,LUCAS_polygon,NA,
0000000000000000d130_0,Grassland,5,48683028,1394,-17486,2301,-12542,2076,1460,-18243,2912,-12499,2087,LUCAS_polygon,NA,
0000000000000000d2c2_0,Grassland,5,48683042,1440,-18673,2827,-12967,2277,1580,-20093,2791,-12718,2093,LUCAS_polygon,NA,
0000000000000000d386_0,Grassland,5,47842958,1592,-22548,10061,-14168,12609,1516,-22344,3001,-14735,2258,LUCAS_polygon,NA,
0000000000000000d500_0,Grassland,5,47442944,1659,-18921,2494,-11407,2362,1552,-20812,3638,-13409,2403,LUCAS_polygon,NA,
0000000000000000d704_0,Grassland,5,47483170,1467,-19393,2708,-13217,2305,1524,-18974,2798,-12454,2900,LUCAS_polygon,NA,
0000000000000000d9a1_0,Grassland,5,48163146,1463,-16479,2645,-11264,2129,1451,-18565,2728,-12791,1860,LUCAS_polygon,NA,
0000000000000000dac3_0,Grassland,5,48303134,1517,-21123,3953,-13921,2338,1481,-21601,4847,-14583,2528,LUCAS_polygon,NA,
0000000000000000dad8_0,Grassland,5,48702998,1635,-20580,2719,-12590,1981,1496,-21977,3053,-14692,2211,LUCAS_polygon,NA,
0000000000000000dafb_0,Grassland,5,47463096,1473,-19340,2763,-13133,2129,1607,-19126,2895,-11902,1983,LUCAS_polygon,NA,
0000000000000000dd60_0,Grassland,5,48942964,1965,-17939,2827,-9129,2437,2306,-20307,2764,-8806,3167,LUCAS_polygon,NA,
0000000000000000dee6_0,Grassland,5,48563110,1448,-21097,5088,-14569,2188,1480,-23120,5330,-15619,2369,LUCAS_polygon,NA,
0000000000000000e017_0,Grassland,5,47843016,1577,-20036,4145,-12704,2271,1794,-17358,2288,-9675,2794,LUCAS_polygon,NA,
0000000000000000e06d_0,Grassland,5,48503186,1545,-18312,3249,-11851,2652,1633,-18916,4591,-11585,5564,LUCAS_polygon,NA,
0000000000000000e4dd_0,Grassland,5,47702974,1665,-16206,2193,-9735,2088,1640,-16450,2313,-10030,1972,LUCAS_polygon,NA,
0000000000000000e4ef_0,Grassland,5,47343052,1502,-19093,2689,-12714,2271,1654,-18991,2256,-11484,1824,LUCAS_polygon,NA,
0000000000000000e564_0,Grassland,5,48203098,1513,-18249,3338,-12064,2509,1416,-19676,2837,-13898,2323,LUCAS_polygon,NA,
0000000000000000e65b_0,Grassland,5,47443056,1502,-19459,3791,-12957,1928,1555,-20725,3297,-13327,2235,LUCAS_polygon,NA,
0000000000000000e6a5_0,Grassland,5,47523160,1591,-21716,2386,-13649,2224,1579,-20612,7192,-13055,8771,LUCAS_polygon,NA,
0000000000000000ebe3_0,Grassland,5,47802962,1496,-19440,2672,-12998,2276,1512,-19823,3482,-13106,2349,LUCAS_polygon,NA,
0000000000000000eee5_0,Grassland,5,47803042,1728,-20058,2427,-11608,1619,1453,-20202,2934,-13903,2252,LUCAS_polygon,NA,
0000000000000000f3e7_0,Grassland,5,48603188,1341,-19749,3178,-14725,2230,1448,-19360,4729,-13367,4838,LUCAS_polygon,NA,
0000000000000000f491_0,Grassland,5,48183168,1548,-17330,2446,-11193,2127,1556,-19433,2877,-12485,2230,LUCAS_polygon,NA,
0000000000000000f4cb_0,Grassland,5,47383118,1428,-20190,3210,-14137,2247,1376,-21949,2631,-15956,2122,LUCAS_polygon,NA,
0000000000000000f50c_0,Grassland,5,47763014,1540,-17592,2480,-11420,1897,1538,-18595,2807,-12089,1693,LUCAS_polygon,NA,
0000000000000000f951_0,Grassland,5,47903032,1474,-19278,2732,-13074,2189,1461,-20784,2722,-14229,2311,LUCAS_polygon,NA,
0000000000000000f9a6_0,Grassland,5,47842962,1701,-18879,11404,-11100,13676,1676,-18480,2602,-11027,2293,LUCAS_polygon,NA,
0000000000000000fa00_0,Grassland,5,47482986,1465,-20391,3876,-13919,2285,1515,-20888,3445,-13787,2340,LUCAS_polygon,NA,
0000000000000000fa27_0,Grassland,5,47822974,1649,-21613,10263,-13107,13173,1518,-19106,2313,-12588,2311,LUCAS_polygon,NA,
0000000000000000fa78_0,Grassland,5,47603034,1600,-18748,3241,-11716,2247,1605,-19832,3625,-12358,2542,LUCAS_polygon,NA,
0000000000000000fc56_0,Grassland,5,47443042,1536,-21092,3759,-13735,2946,1512,-21880,7460,-14474,10104,LUCAS_polygon,NA,
0000000000000000fceb_0,Grassland,5,47482976,1474,-18538,2191,-12580,2020,1650,-14573,2859,-8834,2218,LUCAS_polygon,NA,
0000000000000000fe00_0,Grassland,5,47623152,1472,-20629,6928,-14012,9761,1384,-21580,3355,-15588,2161,LUCAS_polygon,NA,
0000000000000000fe01_0,Grassland,5,48283164,1616,-19692,3045,-12182,2001,1467,-19554,3433,-13329,2318,LUCAS_polygon,NA,
00000000000000010014_0,Grassland,5,48202976,1607,-19087,8238,-11876,10303,1511,-21468,2850,-14205,2399,LUCAS_polygon,NA,
00000000000000010169_0,Grassland,5,47663066,1512,-21231,3632,-14040,2076,1738,-21362,4749,-12295,2773,LUCAS_polygon,NA,
000000000000000104bf_0,Grassland,5,47543176,1457,-21604,2448,-14828,10415,1542,-20979,8524,-13603,10026,LUCAS_polygon,NA,
000000000000000107ad_0,Grassland,5,47983080,1720,-14461,2380,-8405,2503,1561,-17201,2760,-11019,2164,LUCAS_polygon,NA,
00000000000000010969_0,Grassland,5,47622948,1378,-18468,2140,-13404,2078,1613,-17165,2660,-10641,2377,LUCAS_polygon,NA,
0000000000000001097e_0,Grassland,5,47363036,1532,-20820,3573,-13593,2118,1617,-22339,4690,-13813,1955,LUCAS_polygon,NA,
00000000000000010a6b_0,Grassland,5,47843026,1616,-20858,3388,-12905,2222,1564,-19801,4268,-12661,2159,LUCAS_polygon,NA,
00000000000000010ac9_0,Grassland,5,47763026,1495,-19719,3254,-13187,2861,1530,-19569,2833,-12793,2984,LUCAS_polygon,NA,
00000000000000010ae5_0,Grassland,5,47523164,1445,-17092,2835,-11825,1904,1478,-18008,2767,-12186,2159,LUCAS_polygon,NA,
00000000000000010ecf_0,Grassland,5,48663022,1531,-20360,3230,-13298,2012,1543,-21333,3211,-13828,2086,LUCAS_polygon,NA,
000000000000000111bb_0,Grassland,5,48663122,1508,-18005,3886,-11939,2189,1473,-18659,10987,-12672,13473,LUCAS_polygon,NA,
0000000000000001145f_0,Grassland,5,48243016,1636,-20350,3871,-12440,2628,1635,-19949,3340,-12200,2365,LUCAS_polygon,NA,
000000000000000115d5_0,Grassland,5,47763032,1619,-19698,3512,-12167,2109,1473,-20316,3829,-13796,2311,LUCAS_polygon,NA,
